Time [s],Value,Parity Error,Framing Error
1.155973,S,,
1.156232,W,,
1.156491,D,,
1.156749,R,,
1.157008,8,,
1.157267,1,,
1.157526,0,,
1.157785,1,,
1.158044,0,,
1.158303,0,,
1.158562,\r,,
1.158821,\n,,
1.165956,S,,
1.166216,W,,
1.166474,D,,
1.166733,R,,
1.166992,8,,
1.167251,0,,
1.16751,0,,
1.167769,1,,
1.168028,0,,
1.168287,0,,
1.168546,\r,,
1.168805,\n,,
1.175889,S,,
1.176148,W,,
1.176407,D,,
1.176666,R,,
1.176924,8,,
1.177183,1,,
1.177442,0,,
1.177701,1,,
1.17796,0,,
1.178219,0,,
1.178478,\r,,
1.178737,\n,,
1.235661,S,,
1.235921,W,,
1.236179,D,,
1.236438,R,,
1.236697,8,,
1.236956,2,,
1.237215,0,,
1.237474,1,,
1.237732,0,,
1.237991,0,,
1.23825,\r,,
1.238509,\n,,
1.245645,S,,
1.245904,W,,
1.246163,D,,
1.246422,R,,
1.246681,8,,
1.24694,1,,
1.247198,0,,
1.247457,1,,
1.247717,0,,
1.247975,0,,
1.248234,\r,,
1.248493,\n,,
1.265535,S,,
1.265794,W,,
1.266053,D,,
1.266312,R,,
1.266571,8,,
1.26683,2,,
1.267089,0,,
1.267348,1,,
1.267607,0,,
1.267865,0,,
1.268124,\r,,
1.268383,\n,,
1.275518,S,,
1.275776,W,,
1.276035,D,,
1.276294,R,,
1.276554,8,,
1.276812,1,,
1.277071,0,,
1.27733,1,,
1.277589,0,,
1.277848,0,,
1.278107,\r,,
1.278366,\n,,
1.28545,S,,
1.285709,W,,
1.285968,D,,
1.286226,R,,
1.286485,8,,
1.286744,2,,
1.287003,0,,
1.287262,1,,
1.287521,0,,
1.28778,0,,
1.288039,\r,,
1.288298,\n,,
1.295408,S,,
1.295667,W,,
1.295926,D,,
1.296184,R,,
1.296443,8,,
1.296702,1,,
1.296961,0,,
1.29722,1,,
1.297479,0,,
1.297738,0,,
1.297997,\r,,
1.298256,\n,,
1.305366,S,,
1.305625,W,,
1.305884,D,,
1.306142,R,,
1.306401,8,,
1.30666,2,,
1.306919,0,,
1.307178,1,,
1.307437,0,,
1.307696,0,,
1.307955,\r,,
1.308214,\n,,
1.325282,S,,
1.325541,W,,
1.3258,D,,
1.326059,R,,
1.326317,8,,
1.326576,1,,
1.326835,0,,
1.327094,1,,
1.327353,0,,
1.327612,0,,
1.327871,\r,,
1.32813,\n,,
1.375067,S,,
1.375326,W,,
1.375585,D,,
1.375844,R,,
1.376103,8,,
1.376361,0,,
1.37662,0,,
1.376879,1,,
1.377138,0,,
1.377397,0,,
1.377656,\r,,
1.377914,\n,,
1.385002,S,,
1.385261,W,,
1.38552,D,,
1.385779,R,,
1.386038,8,,
1.386297,1,,
1.386556,0,,
1.386815,1,,
1.387074,0,,
1.387332,0,,
1.387591,\r,,
1.38785,\n,,
1.404941,S,,
1.4052,W,,
1.405459,D,,
1.405717,R,,
1.405977,8,,
1.406236,0,,
1.406494,0,,
1.406753,1,,
1.407012,0,,
1.407271,0,,
1.40753,\r,,
1.407789,\n,,
1.414875,S,,
1.415134,W,,
1.415393,D,,
1.415652,R,,
1.41591,8,,
1.416169,1,,
1.416428,0,,
1.416687,1,,
1.416946,0,,
1.417205,0,,
1.417464,\r,,
1.417723,\n,,
1.44478,S,,
1.445039,W,,
1.445298,D,,
1.445556,R,,
1.445816,8,,
1.446074,2,,
1.446333,0,,
1.446592,1,,
1.446851,0,,
1.44711,0,,
1.447369,\r,,
1.447628,\n,,
1.454707,S,,
1.454966,W,,
1.455225,D,,
1.455484,R,,
1.455742,8,,
1.456001,1,,
1.45626,0,,
1.456519,1,,
1.456778,0,,
1.457037,0,,
1.457296,\r,,
1.457555,\n,,
1.484602,S,,
1.484861,W,,
1.48512,D,,
1.485379,R,,
1.485638,8,,
1.485896,2,,
1.486155,0,,
1.486414,1,,
1.486673,0,,
1.486932,0,,
1.487191,\r,,
1.48745,\n,,
1.494537,S,,
1.494796,W,,
1.495055,D,,
1.495314,R,,
1.495573,8,,
1.495832,1,,
1.496091,0,,
1.49635,1,,
1.496609,0,,
1.496868,0,,
1.497126,\r,,
1.497385,\n,,
1.52441,S,,
1.524669,W,,
1.524928,D,,
1.525187,R,,
1.525445,8,,
1.525704,2,,
1.525963,0,,
1.526222,1,,
1.526481,0,,
1.52674,0,,
1.526999,\r,,
1.527258,\n,,
1.534369,S,,
1.534629,W,,
1.534888,D,,
1.535147,R,,
1.535406,8,,
1.535664,1,,
1.535923,0,,
1.536182,1,,
1.536441,0,,
1.5367,0,,
1.536958,\r,,
1.537217,\n,,
1.544326,S,,
1.544585,W,,
1.544844,D,,
1.545103,R,,
1.545361,8,,
1.54562,2,,
1.545879,0,,
1.546138,1,,
1.546397,0,,
1.546656,0,,
1.546915,\r,,
1.547174,\n,,
1.554295,S,,
1.554554,W,,
1.554813,D,,
1.555072,R,,
1.555331,8,,
1.55559,1,,
1.555849,0,,
1.556108,1,,
1.556366,0,,
1.556625,0,,
1.556884,\r,,
1.557143,\n,,
1.564242,S,,
1.564501,W,,
1.56476,D,,
1.565019,R,,
1.565277,8,,
1.565536,2,,
1.565795,0,,
1.566054,1,,
1.566313,0,,
1.566572,0,,
1.566831,\r,,
1.56709,\n,,
1.584156,S,,
1.584415,W,,
1.584674,D,,
1.584933,R,,
1.585191,8,,
1.58545,1,,
1.58571,0,,
1.585969,1,,
1.586228,0,,
1.586487,0,,
1.586745,\r,,
1.587004,\n,,
1.594114,S,,
1.594373,W,,
1.594632,D,,
1.594891,R,,
1.59515,8,,
1.595409,2,,
1.595668,0,,
1.595927,1,,
1.596186,0,,
1.596444,0,,
1.596703,\r,,
1.596962,\n,,
1.604074,S,,
1.604333,W,,
1.604592,D,,
1.604851,R,,
1.60511,8,,
1.605369,1,,
1.605627,0,,
1.605886,1,,
1.606145,0,,
1.606405,0,,
1.606663,\r,,
1.606922,\n,,
1.623988,S,,
1.624247,W,,
1.624506,D,,
1.624765,R,,
1.625024,8,,
1.625283,2,,
1.625542,0,,
1.625801,1,,
1.62606,0,,
1.626319,0,,
1.626577,\r,,
1.626836,\n,,
1.633947,S,,
1.634205,W,,
1.634464,D,,
1.634723,R,,
1.634982,8,,
1.635241,1,,
1.6355,0,,
1.635759,1,,
1.636018,0,,
1.636277,0,,
1.636536,\r,,
1.636794,\n,,
1.643998,S,,
1.644257,W,,
1.644516,D,,
1.644775,R,,
1.645034,8,,
1.645293,2,,
1.645552,0,,
1.645811,1,,
1.64607,0,,
1.646328,0,,
1.646587,\r,,
1.646846,\n,,
1.654,S,,
1.654259,W,,
1.654518,D,,
1.654777,R,,
1.655036,8,,
1.655295,1,,
1.655553,0,,
1.655812,1,,
1.656071,0,,
1.65633,0,,
1.656589,\r,,
1.656847,\n,,
1.664,S,,
1.664259,W,,
1.664518,D,,
1.664777,R,,
1.665036,8,,
1.665295,2,,
1.665554,0,,
1.665812,1,,
1.666072,0,,
1.66633,0,,
1.666589,\r,,
1.666848,\n,,
1.7038,S,,
1.704059,W,,
1.704318,D,,
1.704577,R,,
1.704835,8,,
1.705094,1,,
1.705353,0,,
1.705612,1,,
1.705871,0,,
1.70613,0,,
1.706389,\r,,
1.706648,\n,,
1.713793,S,,
1.714052,W,,
1.714311,D,,
1.71457,R,,
1.714829,8,,
1.715088,2,,
1.715347,0,,
1.715606,1,,
1.715865,0,,
1.716123,0,,
1.716383,\r,,
1.716641,\n,,
1.733745,S,,
1.734004,W,,
1.734263,D,,
1.734522,R,,
1.734781,8,,
1.73504,1,,
1.735299,0,,
1.735557,1,,
1.735817,0,,
1.736075,0,,
1.736334,\r,,
1.736593,\n,,
1.743674,S,,
1.743933,W,,
1.744192,D,,
1.744451,R,,
1.74471,8,,
1.744968,2,,
1.745227,0,,
1.745486,1,,
1.745745,0,,
1.746004,0,,
1.746263,\r,,
1.746522,\n,,
1.763423,S,,
1.763682,W,,
1.763941,D,,
1.7642,R,,
1.764459,8,,
1.764718,1,,
1.764977,0,,
1.765236,1,,
1.765495,0,,
1.765753,0,,
1.766012,\r,,
1.766271,\n,,
1.773381,S,,
1.77364,W,,
1.773899,D,,
1.774158,R,,
1.774417,8,,
1.774676,2,,
1.774935,0,,
1.775194,1,,
1.775453,0,,
1.775712,0,,
1.77597,\r,,
1.77623,\n,,
1.803255,S,,
1.803514,W,,
1.803773,D,,
1.804032,R,,
1.804291,8,,
1.80455,1,,
1.804809,0,,
1.805068,1,,
1.805327,0,,
1.805586,0,,
1.805844,\r,,
1.806103,\n,,
1.813237,S,,
1.813497,W,,
1.813755,D,,
1.814014,R,,
1.814273,8,,
1.814532,2,,
1.814791,0,,
1.81505,1,,
1.815309,0,,
1.815568,0,,
1.815827,\r,,
1.816086,\n,,
1.833128,S,,
1.833387,W,,
1.833646,D,,
1.833905,R,,
1.834163,8,,
1.834422,1,,
1.834681,0,,
1.83494,1,,
1.835199,0,,
1.835458,0,,
1.835717,\r,,
1.835976,\n,,
1.843086,S,,
1.843345,W,,
1.843604,D,,
1.843863,R,,
1.844122,8,,
1.84438,2,,
1.844639,0,,
1.844898,1,,
1.845157,0,,
1.845416,0,,
1.845675,\r,,
1.845934,\n,,
1.863034,S,,
1.863293,W,,
1.863552,D,,
1.863811,R,,
1.86407,8,,
1.864329,1,,
1.864588,0,,
1.864847,1,,
1.865106,0,,
1.865364,0,,
1.865623,\r,,
1.865882,\n,,
1.872962,S,,
1.873221,W,,
1.873479,D,,
1.873738,R,,
1.873997,8,,
1.874256,2,,
1.874515,0,,
1.874774,1,,
1.875033,0,,
1.875292,0,,
1.875551,\r,,
1.87581,\n,,
1.882923,S,,
1.883182,W,,
1.883441,D,,
1.8837,R,,
1.883958,8,,
1.884217,1,,
1.884476,0,,
1.884735,1,,
1.884994,0,,
1.885253,0,,
1.885512,\r,,
1.885771,\n,,
1.892879,S,,
1.893138,W,,
1.893397,D,,
1.893656,R,,
1.893915,8,,
1.894174,2,,
1.894433,0,,
1.894692,1,,
1.89495,0,,
1.895209,0,,
1.895468,\r,,
1.895727,\n,,
1.902839,S,,
1.903098,W,,
1.903357,D,,
1.903616,R,,
1.903875,8,,
1.904133,1,,
1.904392,0,,
1.904651,1,,
1.90491,0,,
1.905169,0,,
1.905428,\r,,
1.905687,\n,,
1.922749,S,,
1.923007,W,,
1.923266,D,,
1.923525,R,,
1.923784,8,,
1.924043,2,,
1.924302,0,,
1.924561,1,,
1.92482,0,,
1.925079,0,,
1.925338,\r,,
1.925596,\n,,
1.932707,S,,
1.932966,W,,
1.933224,D,,
1.933483,R,,
1.933742,8,,
1.934001,1,,
1.93426,0,,
1.934519,1,,
1.934778,0,,
1.935037,0,,
1.935296,\r,,
1.935555,\n,,
1.942663,S,,
1.942922,W,,
1.943181,D,,
1.94344,R,,
1.943699,8,,
1.943958,2,,
1.944216,0,,
1.944475,1,,
1.944734,0,,
1.944993,0,,
1.945252,\r,,
1.945511,\n,,
1.952621,S,,
1.95288,W,,
1.953139,D,,
1.953398,R,,
1.953657,8,,
1.953916,1,,
1.954175,0,,
1.954433,1,,
1.954692,0,,
1.954951,0,,
1.95521,\r,,
1.955469,\n,,
1.962581,S,,
1.96284,W,,
1.963099,D,,
1.963358,R,,
1.963616,8,,
1.963875,2,,
1.964134,0,,
1.964393,1,,
1.964652,0,,
1.964911,0,,
1.96517,\r,,
1.965429,\n,,
1.972563,S,,
1.972822,W,,
1.973081,D,,
1.97334,R,,
1.973599,8,,
1.973858,1,,
1.974117,0,,
1.974375,1,,
1.974634,0,,
1.974893,0,,
1.975152,\r,,
1.975411,\n,,
1.982495,S,,
1.982754,W,,
1.983013,D,,
1.983272,R,,
1.983531,8,,
1.98379,2,,
1.984049,0,,
1.984308,1,,
1.984567,0,,
1.984825,0,,
1.985084,\r,,
1.985343,\n,,
2.002444,S,,
2.002703,W,,
2.002962,D,,
2.00322,R,,
2.003479,8,,
2.003738,1,,
2.003997,0,,
2.004256,1,,
2.004515,0,,
2.004774,0,,
2.005033,\r,,
2.005292,\n,,
2.012395,S,,
2.012654,W,,
2.012913,D,,
2.013172,R,,
2.013431,8,,
2.01369,2,,
2.013949,0,,
2.014208,1,,
2.014467,0,,
2.014725,0,,
2.014984,\r,,
2.015243,\n,,
2.042268,S,,
2.042527,W,,
2.042785,D,,
2.043045,R,,
2.043303,8,,
2.043562,1,,
2.043821,0,,
2.04408,1,,
2.044339,0,,
2.044598,0,,
2.044857,\r,,
2.045116,\n,,
2.0522,S,,
2.052459,W,,
2.052718,D,,
2.052977,R,,
2.053235,8,,
2.053494,2,,
2.053753,0,,
2.054012,1,,
2.054271,0,,
2.05453,0,,
2.054789,\r,,
2.055048,\n,,
2.062161,S,,
2.06242,W,,
2.062679,D,,
2.062938,R,,
2.063197,8,,
2.063456,1,,
2.063715,0,,
2.063973,1,,
2.064232,0,,
2.064491,0,,
2.06475,\r,,
2.065009,\n,,
2.072123,S,,
2.072381,W,,
2.072641,D,,
2.072899,R,,
2.073158,8,,
2.073417,2,,
2.073676,0,,
2.073935,1,,
2.074194,0,,
2.074453,0,,
2.074711,\r,,
2.07497,\n,,
2.09203,S,,
2.092289,W,,
2.092548,D,,
2.092807,R,,
2.093066,8,,
2.093325,1,,
2.093584,0,,
2.093843,1,,
2.094102,0,,
2.094361,0,,
2.094619,\r,,
2.094878,\n,,
2.101988,S,,
2.102247,W,,
2.102506,D,,
2.102765,R,,
2.103024,8,,
2.103283,2,,
2.103542,0,,
2.103801,1,,
2.10406,0,,
2.104319,0,,
2.104577,\r,,
2.104836,\n,,
2.111946,S,,
2.112205,W,,
2.112464,D,,
2.112723,R,,
2.112982,8,,
2.113241,1,,
2.1135,0,,
2.113759,1,,
2.114018,0,,
2.114277,0,,
2.114535,\r,,
2.114794,\n,,
2.131888,S,,
2.132147,W,,
2.132406,D,,
2.132665,R,,
2.132924,8,,
2.133183,2,,
2.133442,0,,
2.133701,1,,
2.13396,0,,
2.134218,0,,
2.134477,\r,,
2.134736,\n,,
2.141819,S,,
2.142078,W,,
2.142337,D,,
2.142596,R,,
2.142854,8,,
2.143113,1,,
2.143372,0,,
2.143631,1,,
2.14389,0,,
2.144149,0,,
2.144408,\r,,
2.144667,\n,,
2.151777,S,,
2.152036,W,,
2.152295,D,,
2.152554,R,,
2.152812,8,,
2.153071,2,,
2.15333,0,,
2.153589,1,,
2.153848,0,,
2.154107,0,,
2.154366,\r,,
2.154625,\n,,
2.161735,S,,
2.161994,W,,
2.162253,D,,
2.162512,R,,
2.162771,8,,
2.163029,1,,
2.163288,0,,
2.163547,1,,
2.163806,0,,
2.164065,0,,
2.164324,\r,,
2.164583,\n,,
2.171693,S,,
2.171952,W,,
2.172211,D,,
2.17247,R,,
2.172729,8,,
2.172987,2,,
2.173246,0,,
2.173505,1,,
2.173764,0,,
2.174023,0,,
2.174282,\r,,
2.174541,\n,,
2.181651,S,,
2.18191,W,,
2.182169,D,,
2.182428,R,,
2.182687,8,,
2.182946,1,,
2.183204,0,,
2.183463,1,,
2.183722,0,,
2.183981,0,,
2.18424,\r,,
2.184499,\n,,
2.191618,S,,
2.191878,W,,
2.192137,D,,
2.192395,R,,
2.192654,8,,
2.192913,2,,
2.193172,0,,
2.193431,1,,
2.19369,0,,
2.193949,0,,
2.194208,\r,,
2.194467,\n,,
2.201596,S,,
2.201855,W,,
2.202114,D,,
2.202373,R,,
2.202632,8,,
2.202891,1,,
2.20315,0,,
2.203408,1,,
2.203668,0,,
2.203926,0,,
2.204185,\r,,
2.204444,\n,,
2.211557,S,,
2.211816,W,,
2.212076,D,,
2.212334,R,,
2.212593,8,,
2.212852,2,,
2.213111,0,,
2.21337,1,,
2.213629,0,,
2.213888,0,,
2.214147,\r,,
2.214405,\n,,
2.221481,S,,
2.22174,W,,
2.221999,D,,
2.222258,R,,
2.222517,8,,
2.222776,1,,
2.223035,0,,
2.223294,1,,
2.223553,0,,
2.223812,0,,
2.224071,\r,,
2.224329,\n,,
2.241404,S,,
2.241663,W,,
2.241922,D,,
2.242181,R,,
2.24244,8,,
2.242699,2,,
2.242957,0,,
2.243216,1,,
2.243475,0,,
2.243734,0,,
2.243993,\r,,
2.244252,\n,,
2.251381,S,,
2.25164,W,,
2.251899,D,,
2.252158,R,,
2.252417,8,,
2.252676,1,,
2.252935,0,,
2.253194,1,,
2.253453,0,,
2.253712,0,,
2.253971,\r,,
2.254229,\n,,
2.26134,S,,
2.261598,W,,
2.261857,D,,
2.262116,R,,
2.262375,8,,
2.262635,2,,
2.262893,0,,
2.263152,1,,
2.263411,0,,
2.26367,0,,
2.263928,\r,,
2.264187,\n,,
2.271296,S,,
2.271555,W,,
2.271814,D,,
2.272073,R,,
2.272331,8,,
2.27259,1,,
2.272849,0,,
2.273108,1,,
2.273367,0,,
2.273626,0,,
2.273885,\r,,
2.274144,\n,,
2.281228,S,,
2.281487,W,,
2.281746,D,,
2.282005,R,,
2.282264,8,,
2.282523,2,,
2.282781,0,,
2.28304,1,,
2.283299,0,,
2.283558,0,,
2.283817,\r,,
2.284076,\n,,
2.331044,S,,
2.331302,W,,
2.331562,D,,
2.331821,R,,
2.33208,8,,
2.332338,1,,
2.332597,0,,
2.332856,1,,
2.333115,0,,
2.333374,0,,
2.333633,\r,,
2.333892,\n,,
2.340974,S,,
2.341234,W,,
2.341492,D,,
2.341751,R,,
2.34201,8,,
2.342269,2,,
2.342528,0,,
2.342787,1,,
2.343046,0,,
2.343305,0,,
2.343563,\r,,
2.343822,\n,,
2.350932,S,,
2.351191,W,,
2.35145,D,,
2.351709,R,,
2.351968,8,,
2.352227,1,,
2.352486,0,,
2.352745,1,,
2.353004,0,,
2.353263,0,,
2.353521,\r,,
2.35378,\n,,
2.360894,S,,
2.361153,W,,
2.361412,D,,
2.36167,R,,
2.361929,8,,
2.362188,2,,
2.362447,0,,
2.362706,1,,
2.362965,0,,
2.363224,0,,
2.363483,\r,,
2.363742,\n,,
2.370855,S,,
2.371114,W,,
2.371373,D,,
2.371632,R,,
2.371891,8,,
2.372149,1,,
2.372408,0,,
2.372667,1,,
2.372926,0,,
2.373185,0,,
2.373444,\r,,
2.373703,\n,,
2.430609,S,,
2.430868,W,,
2.431127,D,,
2.431386,R,,
2.431645,8,,
2.431904,2,,
2.432163,0,,
2.432422,1,,
2.432681,0,,
2.43294,0,,
2.433199,\r,,
2.433457,\n,,
2.440579,S,,
2.440838,W,,
2.441097,D,,
2.441356,R,,
2.441615,8,,
2.441874,1,,
2.442132,0,,
2.442391,1,,
2.44265,0,,
2.442909,0,,
2.443168,\r,,
2.443427,\n,,
2.470451,S,,
2.47071,W,,
2.470969,D,,
2.471228,R,,
2.471487,8,,
2.471746,2,,
2.472005,0,,
2.472264,1,,
2.472523,0,,
2.472781,0,,
2.47304,\r,,
2.473299,\n,,
2.480411,S,,
2.48067,W,,
2.480929,D,,
2.481187,R,,
2.481446,8,,
2.481705,1,,
2.481964,0,,
2.482223,1,,
2.482482,0,,
2.482741,0,,
2.483,\r,,
2.483259,\n,,
2.490367,S,,
2.490626,W,,
2.490885,D,,
2.491144,R,,
2.491403,8,,
2.491662,2,,
2.491921,0,,
2.49218,1,,
2.492438,0,,
2.492697,0,,
2.492957,\r,,
2.493216,\n,,
2.500299,S,,
2.500558,W,,
2.500817,D,,
2.501076,R,,
2.501335,8,,
2.501594,1,,
2.501853,0,,
2.502112,1,,
2.502371,0,,
2.50263,0,,
2.502888,\r,,
2.503147,\n,,
2.510258,S,,
2.510517,W,,
2.510775,D,,
2.511034,R,,
2.511293,8,,
2.511552,2,,
2.511811,0,,
2.51207,1,,
2.512329,0,,
2.512588,0,,
2.512846,\r,,
2.513105,\n,,
2.520214,S,,
2.520473,W,,
2.520732,D,,
2.520991,R,,
2.521249,8,,
2.521508,1,,
2.521767,0,,
2.522027,1,,
2.522285,0,,
2.522544,0,,
2.522803,\r,,
2.523062,\n,,
2.530348,S,,
2.530607,W,,
2.530866,D,,
2.531125,A,,
2.531384,0,,
2.531643,0,,
2.531902,0,,
2.532161,0,,
2.532419,0,,
2.532678,0,,
2.532937,0,,
2.533196,0,,
2.533455,5,,
2.533714,2,,
2.533973,4,,
2.534232,B,,
2.534491,1,,
2.53475,F,,
2.535008,0,,
2.535267,0,,
2.535526,8,,
2.535785,2,,
2.536044,0,,
2.536303,1,,
2.536562,0,,
2.536821,0,,
2.53708,\r,,
2.537339,\n,,
2.540154,S,,
2.540413,W,,
2.540672,D,,
2.540931,R,,
2.54119,8,,
2.541449,1,,
2.541708,0,,
2.541966,1,,
2.542225,0,,
2.542484,0,,
2.542743,\r,,
2.543002,\n,,
2.550263,S,,
2.550522,W,,
2.55078,D,,
2.551039,A,,
2.551298,0,,
2.551557,0,,
2.551816,0,,
2.552075,0,,
2.552334,0,,
2.552593,0,,
2.552852,0,,
2.553111,0,,
2.553369,5,,
2.553628,3,,
2.553887,4,,
2.554146,B,,
2.554405,1,,
2.554664,F,,
2.554923,0,,
2.555182,0,,
2.555441,8,,
2.5557,2,,
2.555958,0,,
2.556217,1,,
2.556476,0,,
2.556735,0,,
2.556994,\r,,
2.557253,\n,,
2.560046,S,,
2.560305,W,,
2.560564,D,,
2.560823,R,,
2.561082,8,,
2.56134,1,,
2.561599,0,,
2.561858,1,,
2.562117,0,,
2.562376,0,,
2.562635,\r,,
2.562894,\n,,
2.570002,S,,
2.570261,W,,
2.57052,D,,
2.570779,R,,
2.571038,8,,
2.571297,2,,
2.571556,0,,
2.571815,1,,
2.572074,0,,
2.572332,0,,
2.572591,\r,,
2.57285,\n,,
2.579962,S,,
2.580221,W,,
2.58048,D,,
2.580739,R,,
2.580998,8,,
2.581257,1,,
2.581515,0,,
2.581774,1,,
2.582033,0,,
2.582292,0,,
2.582551,\r,,
2.58281,\n,,
2.599889,S,,
2.600148,W,,
2.600407,D,,
2.600666,R,,
2.600925,8,,
2.601184,2,,
2.601443,0,,
2.601702,1,,
2.601961,0,,
2.602219,0,,
2.602478,\r,,
2.602737,\n,,
2.609838,S,,
2.610097,W,,
2.610355,D,,
2.610614,R,,
2.610873,8,,
2.611132,1,,
2.611391,0,,
2.61165,1,,
2.611909,0,,
2.612168,0,,
2.612427,\r,,
2.612686,\n,,
2.619825,S,,
2.620084,W,,
2.620343,D,,
2.620602,R,,
2.62086,8,,
2.621119,2,,
2.621378,0,,
2.621637,1,,
2.621896,0,,
2.622155,0,,
2.622414,\r,,
2.622673,\n,,
2.629776,S,,
2.630035,W,,
2.630294,D,,
2.630553,R,,
2.630812,8,,
2.631071,1,,
2.63133,0,,
2.631588,1,,
2.631848,0,,
2.632107,0,,
2.632365,\r,,
2.632624,\n,,
2.649668,S,,
2.649927,W,,
2.650186,D,,
2.650445,R,,
2.650704,8,,
2.650963,2,,
2.651222,0,,
2.65148,1,,
2.651739,0,,
2.651998,0,,
2.652257,\r,,
2.652516,\n,,
2.659655,S,,
2.659914,W,,
2.660173,D,,
2.660432,R,,
2.660691,8,,
2.66095,1,,
2.661209,0,,
2.661468,1,,
2.661727,0,,
2.661985,0,,
2.662244,\r,,
2.662503,\n,,
2.669581,S,,
2.66984,W,,
2.670099,D,,
2.670358,R,,
2.670617,8,,
2.670875,2,,
2.671134,0,,
2.671393,1,,
2.671652,0,,
2.671911,0,,
2.672171,\r,,
2.672428,\n,,
2.689504,S,,
2.689763,W,,
2.690022,D,,
2.690281,R,,
2.690539,8,,
2.690799,1,,
2.691057,0,,
2.691316,1,,
2.691575,0,,
2.691834,0,,
2.692093,\r,,
2.692351,\n,,
2.699455,S,,
2.699714,W,,
2.699973,D,,
2.700232,R,,
2.700491,8,,
2.70075,2,,
2.701008,0,,
2.701267,1,,
2.701526,0,,
2.701785,0,,
2.702044,\r,,
2.702303,\n,,
2.709422,S,,
2.709681,W,,
2.70994,D,,
2.7102,R,,
2.710458,8,,
2.710717,1,,
2.710976,0,,
2.711235,1,,
2.711494,0,,
2.711753,0,,
2.712012,\r,,
2.712271,\n,,
2.719371,S,,
2.71963,W,,
2.719889,D,,
2.720148,R,,
2.720407,8,,
2.720666,2,,
2.720925,0,,
2.721183,1,,
2.721442,0,,
2.721701,0,,
2.72196,\r,,
2.722219,\n,,
2.749247,S,,
2.749506,W,,
2.749765,D,,
2.750024,R,,
2.750282,8,,
2.750541,1,,
2.7508,0,,
2.751059,1,,
2.751318,0,,
2.751577,0,,
2.751836,\r,,
2.752094,\n,,
2.759208,S,,
2.759467,W,,
2.759726,D,,
2.759985,R,,
2.760244,8,,
2.760503,2,,
2.760761,0,,
2.76102,1,,
2.761279,0,,
2.761538,0,,
2.761797,\r,,
2.762056,\n,,
2.779116,S,,
2.779375,W,,
2.779634,D,,
2.779893,R,,
2.780152,8,,
2.78041,1,,
2.780669,0,,
2.780928,1,,
2.781187,0,,
2.781446,0,,
2.781705,\r,,
2.781964,\n,,
2.789076,S,,
2.789334,W,,
2.789593,D,,
2.789852,R,,
2.790111,8,,
2.79037,2,,
2.790629,0,,
2.790888,1,,
2.791147,0,,
2.791406,0,,
2.791665,\r,,
2.791924,\n,,
2.80901,S,,
2.809268,W,,
2.809527,D,,
2.809786,R,,
2.810045,8,,
2.810304,1,,
2.810563,0,,
2.810822,1,,
2.811081,0,,
2.81134,0,,
2.811598,\r,,
2.811857,\n,,
2.818974,S,,
2.819233,W,,
2.819492,D,,
2.819751,R,,
2.82001,8,,
2.820268,2,,
2.820527,0,,
2.820786,1,,
2.821045,0,,
2.821304,0,,
2.821563,\r,,
2.821822,\n,,
2.828906,S,,
2.829165,W,,
2.829424,D,,
2.829683,R,,
2.829942,8,,
2.830201,1,,
2.830459,0,,
2.830718,1,,
2.830977,0,,
2.831236,0,,
2.831495,\r,,
2.831754,\n,,
2.838867,S,,
2.839126,W,,
2.839385,D,,
2.839644,R,,
2.839903,8,,
2.840162,2,,
2.840421,0,,
2.84068,1,,
2.840939,0,,
2.841197,0,,
2.841456,\r,,
2.841715,\n,,
2.848848,S,,
2.849107,W,,
2.849366,D,,
2.849625,R,,
2.849884,8,,
2.850143,1,,
2.850401,0,,
2.85066,1,,
2.850919,0,,
2.851178,0,,
2.851437,\r,,
2.851696,\n,,
2.908577,S,,
2.908836,W,,
2.909095,D,,
2.909354,R,,
2.909612,8,,
2.909871,2,,
2.91013,0,,
2.910389,1,,
2.910648,0,,
2.910907,0,,
2.911166,\r,,
2.911425,\n,,
2.918525,S,,
2.918785,W,,
2.919044,D,,
2.919302,R,,
2.919561,8,,
2.91982,1,,
2.920079,0,,
2.920338,1,,
2.920596,0,,
2.920855,0,,
2.921114,\r,,
2.921373,\n,,
2.928514,S,,
2.928773,W,,
2.929032,D,,
2.929291,R,,
2.92955,8,,
2.929808,2,,
2.930067,0,,
2.930326,1,,
2.930585,0,,
2.930844,0,,
2.931103,\r,,
2.931362,\n,,
2.938448,S,,
2.938707,W,,
2.938966,D,,
2.939224,R,,
2.939483,8,,
2.939742,1,,
2.940001,0,,
2.94026,1,,
2.940519,0,,
2.940778,0,,
2.941037,\r,,
2.941296,\n,,
2.948399,S,,
2.948658,W,,
2.948917,D,,
2.949176,R,,
2.949435,8,,
2.949694,2,,
2.949953,0,,
2.950212,1,,
2.950471,0,,
2.95073,0,,
2.950989,\r,,
2.951248,\n,,
3.067918,S,,
3.068177,W,,
3.068436,D,,
3.068695,R,,
3.068954,8,,
3.069213,1,,
3.069472,0,,
3.069731,1,,
3.069989,0,,
3.070248,0,,
3.070507,\r,,
3.070766,\n,,
3.07785,S,,
3.078109,W,,
3.078368,D,,
3.078627,R,,
3.078886,8,,
3.079145,2,,
3.079404,0,,
3.079663,1,,
3.079922,0,,
3.08018,0,,
3.080439,\r,,
3.080698,\n,,
3.087834,S,,
3.088093,W,,
3.088352,D,,
3.088611,R,,
3.08887,8,,
3.089129,1,,
3.089388,0,,
3.089647,1,,
3.089906,0,,
3.090164,0,,
3.090423,\r,,
3.090682,\n,,
3.097792,S,,
3.098051,W,,
3.09831,D,,
3.098569,R,,
3.098828,8,,
3.099087,2,,
3.099346,0,,
3.099605,1,,
3.099864,0,,
3.100122,0,,
3.100381,\r,,
3.10064,\n,,
3.117707,S,,
3.117966,W,,
3.118225,D,,
3.118483,R,,
3.118742,8,,
3.119001,1,,
3.11926,0,,
3.119519,1,,
3.119778,0,,
3.120037,0,,
3.120296,\r,,
3.120555,\n,,
3.127639,S,,
3.127898,W,,
3.128157,D,,
3.128416,R,,
3.128674,8,,
3.128933,2,,
3.129192,0,,
3.129451,1,,
3.12971,0,,
3.129969,0,,
3.130228,\r,,
3.130487,\n,,
3.137608,S,,
3.137867,W,,
3.138126,D,,
3.138385,R,,
3.138644,8,,
3.138903,1,,
3.139162,0,,
3.139421,1,,
3.139679,0,,
3.139938,0,,
3.140197,\r,,
3.140456,\n,,
3.147581,S,,
3.14784,W,,
3.148099,D,,
3.148357,R,,
3.148616,8,,
3.148875,2,,
3.149134,0,,
3.149393,1,,
3.149652,0,,
3.149911,0,,
3.15017,\r,,
3.150429,\n,,
3.15755,S,,
3.157809,W,,
3.158068,D,,
3.158327,R,,
3.158586,8,,
3.158845,1,,
3.159104,0,,
3.159362,1,,
3.159621,0,,
3.15988,0,,
3.160139,\r,,
3.160398,\n,,
3.167469,S,,
3.167728,W,,
3.167987,D,,
3.168246,R,,
3.168505,8,,
3.168764,2,,
3.169023,0,,
3.169282,1,,
3.169541,0,,
3.1698,0,,
3.170059,\r,,
3.170318,\n,,
3.187413,S,,
3.187672,W,,
3.187931,D,,
3.18819,R,,
3.188449,8,,
3.188707,1,,
3.188966,0,,
3.189225,1,,
3.189484,0,,
3.189743,0,,
3.190002,\r,,
3.190261,\n,,
3.197343,S,,
3.197602,W,,
3.197861,D,,
3.19812,R,,
3.198379,8,,
3.198638,2,,
3.198897,0,,
3.199156,1,,
3.199415,0,,
3.199674,0,,
3.199932,\r,,
3.200191,\n,,
3.207327,S,,
3.207587,W,,
3.207845,D,,
3.208105,R,,
3.208363,8,,
3.208622,1,,
3.208881,0,,
3.20914,1,,
3.209399,0,,
3.209657,0,,
3.209916,\r,,
3.210175,\n,,
3.217285,S,,
3.217544,W,,
3.217803,D,,
3.218062,R,,
3.218321,8,,
3.21858,2,,
3.218839,0,,
3.219098,1,,
3.219357,0,,
3.219616,0,,
3.219874,\r,,
3.220133,\n,,
3.336751,S,,
3.33701,W,,
3.337269,D,,
3.337528,R,,
3.337787,8,,
3.338045,1,,
3.338304,0,,
3.338563,1,,
3.338822,0,,
3.339081,0,,
3.33934,\r,,
3.339599,\n,,
3.346711,S,,
3.346969,W,,
3.347228,D,,
3.347487,R,,
3.347746,8,,
3.348005,2,,
3.348263,0,,
3.348523,1,,
3.348782,0,,
3.349041,0,,
3.3493,\r,,
3.349559,\n,,
3.356667,S,,
3.356926,W,,
3.357185,D,,
3.357444,R,,
3.357703,8,,
3.357962,1,,
3.35822,0,,
3.358479,1,,
3.358738,0,,
3.358997,0,,
3.359256,\r,,
3.359515,\n,,
3.376583,S,,
3.376842,W,,
3.377101,D,,
3.37736,R,,
3.377619,8,,
3.377878,2,,
3.378137,0,,
3.378395,1,,
3.378654,0,,
3.378913,0,,
3.379172,\r,,
3.379431,\n,,
3.386541,S,,
3.3868,W,,
3.387059,D,,
3.387318,R,,
3.387577,8,,
3.387836,1,,
3.388095,0,,
3.388354,1,,
3.388613,0,,
3.388871,0,,
3.38913,\r,,
3.389389,\n,,
3.406486,S,,
3.406746,W,,
3.407004,D,,
3.407263,R,,
3.407522,8,,
3.407781,2,,
3.40804,0,,
3.408299,1,,
3.408558,0,,
3.408817,0,,
3.409075,\r,,
3.409334,\n,,
3.416448,S,,
3.416707,W,,
3.416965,D,,
3.417224,R,,
3.417483,8,,
3.417742,1,,
3.418001,0,,
3.41826,1,,
3.418519,0,,
3.418778,0,,
3.419037,\r,,
3.419296,\n,,
3.426411,S,,
3.426669,W,,
3.426928,D,,
3.427187,R,,
3.427446,8,,
3.427705,2,,
3.427964,0,,
3.428223,1,,
3.428482,0,,
3.428741,0,,
3.429,\r,,
3.429259,\n,,
3.43633,S,,
3.436589,W,,
3.436848,D,,
3.437106,R,,
3.437365,8,,
3.437624,1,,
3.437883,0,,
3.438142,1,,
3.438401,0,,
3.43866,0,,
3.438919,\r,,
3.439178,\n,,
3.456273,S,,
3.456532,W,,
3.456791,D,,
3.45705,R,,
3.457309,8,,
3.457568,2,,
3.457827,0,,
3.458086,1,,
3.458345,0,,
3.458604,0,,
3.458862,\r,,
3.459121,\n,,
3.466204,S,,
3.466463,W,,
3.466722,D,,
3.466981,R,,
3.46724,8,,
3.467498,1,,
3.467757,0,,
3.468016,1,,
3.468275,0,,
3.468534,0,,
3.468793,\r,,
3.469052,\n,,
3.476188,S,,
3.476447,W,,
3.476706,D,,
3.476965,R,,
3.477224,8,,
3.477482,2,,
3.477742,0,,
3.478,1,,
3.47826,0,,
3.478518,0,,
3.478777,\r,,
3.479036,\n,,
3.486149,S,,
3.486408,W,,
3.486667,D,,
3.486926,R,,
3.487185,8,,
3.487444,1,,
3.487703,0,,
3.487962,1,,
3.48822,0,,
3.488479,0,,
3.488738,\r,,
3.488997,\n,,
3.496083,S,,
3.496342,W,,
3.496601,D,,
3.496859,R,,
3.497118,8,,
3.497377,2,,
3.497636,0,,
3.497895,1,,
3.498154,0,,
3.498413,0,,
3.498672,\r,,
3.498931,\n,,
3.506034,S,,
3.506293,W,,
3.506552,D,,
3.506811,R,,
3.50707,8,,
3.507329,1,,
3.507588,0,,
3.507847,1,,
3.508106,0,,
3.508365,0,,
3.508624,\r,,
3.508882,\n,,
3.515992,S,,
3.516251,W,,
3.51651,D,,
3.516769,R,,
3.517028,8,,
3.517287,2,,
3.517546,0,,
3.517805,1,,
3.518064,0,,
3.518323,0,,
3.518581,\r,,
3.51884,\n,,
3.535907,S,,
3.536166,W,,
3.536425,D,,
3.536684,R,,
3.536943,8,,
3.537202,1,,
3.537461,0,,
3.537719,1,,
3.537979,0,,
3.538237,0,,
3.538496,\r,,
3.538755,\n,,
3.545891,S,,
3.54615,W,,
3.546409,D,,
3.546668,R,,
3.546926,8,,
3.547185,2,,
3.547445,0,,
3.547703,1,,
3.547962,0,,
3.548221,0,,
3.54848,\r,,
3.548739,\n,,
3.585722,S,,
3.58598,W,,
3.586239,D,,
3.586498,R,,
3.586758,8,,
3.587016,3,,
3.587275,0,,
3.587534,1,,
3.587793,0,,
3.588052,0,,
3.58831,\r,,
3.588569,\n,,
3.595678,S,,
3.595937,W,,
3.596196,D,,
3.596454,R,,
3.596713,8,,
3.596973,2,,
3.597232,0,,
3.59749,1,,
3.59775,0,,
3.598008,0,,
3.598267,\r,,
3.598526,\n,,
3.665382,S,,
3.665641,W,,
3.6659,D,,
3.666159,R,,
3.666418,8,,
3.666677,1,,
3.666936,0,,
3.667195,1,,
3.667454,0,,
3.667712,0,,
3.667971,\r,,
3.66823,\n,,
3.675315,S,,
3.675573,W,,
3.675832,D,,
3.676091,R,,
3.67635,8,,
3.676609,2,,
3.676867,0,,
3.677127,1,,
3.677386,0,,
3.677645,0,,
3.677904,\r,,
3.678162,\n,,
3.685292,S,,
3.685551,W,,
3.68581,D,,
3.686069,R,,
3.686328,8,,
3.686586,1,,
3.686845,0,,
3.687104,1,,
3.687364,0,,
3.687622,0,,
3.687881,\r,,
3.68814,\n,,
3.695252,S,,
3.69551,W,,
3.69577,D,,
3.696028,R,,
3.696287,8,,
3.696546,2,,
3.696806,0,,
3.697064,1,,
3.697323,0,,
3.697582,0,,
3.697841,\r,,
3.6981,\n,,
3.705185,S,,
3.705444,W,,
3.705703,D,,
3.705962,R,,
3.706221,8,,
3.70648,1,,
3.706739,0,,
3.706998,1,,
3.707257,0,,
3.707516,0,,
3.707774,\r,,
3.708033,\n,,
3.715143,S,,
3.715402,W,,
3.715661,D,,
3.71592,R,,
3.716179,8,,
3.716438,2,,
3.716697,0,,
3.716956,1,,
3.717215,0,,
3.717474,0,,
3.717732,\r,,
3.717991,\n,,
3.725101,S,,
3.72536,W,,
3.725619,D,,
3.725878,R,,
3.726137,8,,
3.726396,1,,
3.726655,0,,
3.726914,1,,
3.727173,0,,
3.727431,0,,
3.72769,\r,,
3.727949,\n,,
3.745029,S,,
3.745288,W,,
3.745547,D,,
3.745806,R,,
3.746065,8,,
3.746323,2,,
3.746582,0,,
3.746841,1,,
3.747101,0,,
3.74736,0,,
3.747618,\r,,
3.747877,\n,,
3.754976,S,,
3.755234,W,,
3.755493,D,,
3.755752,R,,
3.756011,8,,
3.75627,1,,
3.756529,0,,
3.756788,1,,
3.757047,0,,
3.757306,0,,
3.757565,\r,,
3.757823,\n,,
3.784848,S,,
3.785107,W,,
3.785366,D,,
3.785625,R,,
3.785884,8,,
3.786143,2,,
3.786401,0,,
3.78666,1,,
3.786919,0,,
3.787178,0,,
3.787437,\r,,
3.787697,\n,,
3.794785,S,,
3.795044,W,,
3.795303,D,,
3.795562,R,,
3.795821,8,,
3.79608,1,,
3.796338,0,,
3.796597,1,,
3.796856,0,,
3.797115,0,,
3.797374,\r,,
3.797633,\n,,
3.814703,S,,
3.814962,W,,
3.81522,D,,
3.815479,R,,
3.815738,8,,
3.815997,2,,
3.816256,0,,
3.816515,1,,
3.816774,0,,
3.817033,0,,
3.817292,\r,,
3.817551,\n,,
3.824664,S,,
3.824923,W,,
3.825182,D,,
3.825441,R,,
3.8257,8,,
3.825958,1,,
3.826217,0,,
3.826476,1,,
3.826735,0,,
3.826994,0,,
3.827253,\r,,
3.827512,\n,,
3.834615,S,,
3.834874,W,,
3.835133,D,,
3.835392,R,,
3.835651,8,,
3.83591,2,,
3.836169,0,,
3.836427,1,,
3.836687,0,,
3.836946,0,,
3.837205,\r,,
3.837463,\n,,
3.94415,S,,
3.944409,W,,
3.944668,D,,
3.944927,R,,
3.945186,8,,
3.945445,1,,
3.945704,0,,
3.945963,1,,
3.946222,0,,
3.946481,0,,
3.94674,\r,,
3.946998,\n,,
3.954108,S,,
3.954367,W,,
3.954626,D,,
3.954885,R,,
3.955144,8,,
3.955402,2,,
3.955662,0,,
3.955921,1,,
3.95618,0,,
3.956439,0,,
3.956697,\r,,
3.956956,\n,,
3.974211,S,,
3.974469,W,,
3.974728,D,,
3.974987,R,,
3.975246,8,,
3.975505,1,,
3.975764,0,,
3.976023,1,,
3.976282,0,,
3.976541,0,,
3.9768,\r,,
3.977058,\n,,
3.98405,S,,
3.984309,W,,
3.984568,D,,
3.984827,R,,
3.985086,8,,
3.985345,2,,
3.985604,0,,
3.985863,1,,
3.986122,0,,
3.986381,0,,
3.98664,\r,,
3.986898,\n,,
4.004083,S,,
4.004342,W,,
4.004601,D,,
4.00486,R,,
4.005119,8,,
4.005378,1,,
4.005636,0,,
4.005895,1,,
4.006154,0,,
4.006413,0,,
4.006672,\r,,
4.006931,\n,,
4.014041,S,,
4.0143,W,,
4.014559,D,,
4.014818,R,,
4.015077,8,,
4.015336,2,,
4.015595,0,,
4.015854,1,,
4.016112,0,,
4.016371,0,,
4.01663,\r,,
4.016889,\n,,
4.024031,S,,
4.02429,W,,
4.024549,D,,
4.024808,R,,
4.025067,8,,
4.025326,1,,
4.025585,0,,
4.025844,1,,
4.026103,0,,
4.026362,0,,
4.026621,\r,,
4.026879,\n,,
4.033983,S,,
4.034242,W,,
4.034501,D,,
4.03476,R,,
4.035019,8,,
4.035278,2,,
4.035536,0,,
4.035795,1,,
4.036054,0,,
4.036313,0,,
4.036572,\r,,
4.036831,\n,,
4.053897,S,,
4.054156,W,,
4.054415,D,,
4.054674,R,,
4.054933,8,,
4.055192,1,,
4.055451,0,,
4.05571,1,,
4.055969,0,,
4.056228,0,,
4.056486,\r,,
4.056745,\n,,
4.083771,S,,
4.08403,W,,
4.084289,D,,
4.084548,R,,
4.084807,8,,
4.085066,2,,
4.085325,0,,
4.085584,1,,
4.085843,0,,
4.086102,0,,
4.08636,\r,,
4.086619,\n,,
4.093543,S,,
4.093802,W,,
4.094061,D,,
4.09432,R,,
4.094579,8,,
4.094838,1,,
4.095097,0,,
4.095356,1,,
4.095615,0,,
4.095874,0,,
4.096132,\r,,
4.096391,\n,,
4.133377,S,,
4.133636,W,,
4.133895,D,,
4.134154,R,,
4.134413,8,,
4.134672,2,,
4.134931,0,,
4.135189,1,,
4.135448,0,,
4.135707,0,,
4.135966,\r,,
4.136225,\n,,
4.143332,S,,
4.143591,W,,
4.14385,D,,
4.144109,R,,
4.144368,8,,
4.144626,1,,
4.144885,0,,
4.145144,1,,
4.145403,0,,
4.145662,0,,
4.145921,\r,,
4.14618,\n,,
4.153291,S,,
4.15355,W,,
4.153809,D,,
4.154068,R,,
4.154327,8,,
4.154586,2,,
4.154845,0,,
4.155104,1,,
4.155363,0,,
4.155622,0,,
4.155881,\r,,
4.156139,\n,,
4.252868,S,,
4.253127,W,,
4.253386,D,,
4.253645,R,,
4.253904,8,,
4.254163,1,,
4.254422,0,,
4.254681,1,,
4.25494,0,,
4.255199,0,,
4.255458,\r,,
4.255717,\n,,
4.272785,S,,
4.273044,W,,
4.273302,D,,
4.273561,R,,
4.27382,8,,
4.274079,2,,
4.274338,0,,
4.274597,1,,
4.274856,0,,
4.275115,0,,
4.275374,\r,,
4.275633,\n,,
4.282741,S,,
4.283,W,,
4.283259,D,,
4.283518,R,,
4.283777,8,,
4.284036,1,,
4.284295,0,,
4.284553,1,,
4.284812,0,,
4.285071,0,,
4.28533,\r,,
4.285589,\n,,
4.30266,S,,
4.302919,W,,
4.303178,D,,
4.303437,R,,
4.303696,8,,
4.303955,2,,
4.304214,0,,
4.304473,1,,
4.304731,0,,
4.30499,0,,
4.305249,\r,,
4.305508,\n,,
4.312641,S,,
4.3129,W,,
4.313159,D,,
4.313418,R,,
4.313677,8,,
4.313936,1,,
4.314195,0,,
4.314453,1,,
4.314712,0,,
4.314971,0,,
4.31523,\r,,
4.315489,\n,,
4.322575,S,,
4.322834,W,,
4.323093,D,,
4.323352,R,,
4.323611,8,,
4.323869,2,,
4.324128,0,,
4.324387,1,,
4.324646,0,,
4.324905,0,,
4.325164,\r,,
4.325423,\n,,
4.332556,S,,
4.332815,W,,
4.333073,D,,
4.333332,R,,
4.333591,8,,
4.33385,1,,
4.334109,0,,
4.334368,1,,
4.334627,0,,
4.334886,0,,
4.335144,\r,,
4.335403,\n,,
4.352446,S,,
4.352705,W,,
4.352964,D,,
4.353222,R,,
4.353481,8,,
4.35374,2,,
4.353999,0,,
4.354258,1,,
4.354517,0,,
4.354776,0,,
4.355035,\r,,
4.355294,\n,,
4.362424,S,,
4.362684,W,,
4.362943,D,,
4.363202,R,,
4.36346,8,,
4.363719,1,,
4.363978,0,,
4.364237,1,,
4.364496,0,,
4.364755,0,,
4.365014,\r,,
4.365272,\n,,
4.382357,S,,
4.382616,W,,
4.382875,D,,
4.383134,R,,
4.383393,8,,
4.383652,2,,
4.38391,0,,
4.384169,1,,
4.384428,0,,
4.384687,0,,
4.384946,\r,,
4.385205,\n,,
4.392278,S,,
4.392537,W,,
4.392796,D,,
4.393055,R,,
4.393314,8,,
4.393572,1,,
4.393831,0,,
4.39409,1,,
4.394349,0,,
4.394608,0,,
4.394867,\r,,
4.395126,\n,,
4.422178,S,,
4.422437,W,,
4.422696,D,,
4.422955,R,,
4.423214,8,,
4.423472,2,,
4.423731,0,,
4.42399,1,,
4.424249,0,,
4.424508,0,,
4.424767,\r,,
4.425026,\n,,
4.432134,S,,
4.432393,W,,
4.432652,D,,
4.432911,R,,
4.433171,8,,
4.433429,1,,
4.433688,0,,
4.433947,1,,
4.434205,0,,
4.434464,0,,
4.434723,\r,,
4.434982,\n,,
4.442092,S,,
4.442351,W,,
4.44261,D,,
4.442869,R,,
4.443128,8,,
4.443386,2,,
4.443646,0,,
4.443905,1,,
4.444164,0,,
4.444422,0,,
4.444681,\r,,
4.44494,\n,,
4.452062,S,,
4.452321,W,,
4.452579,D,,
4.452838,R,,
4.453097,8,,
4.453356,1,,
4.453615,0,,
4.453874,1,,
4.454133,0,,
4.454392,0,,
4.454651,\r,,
4.45491,\n,,
4.461992,S,,
4.462251,W,,
4.46251,D,,
4.462769,R,,
4.463028,8,,
4.463287,3,,
4.463546,0,,
4.463805,1,,
4.464063,0,,
4.464322,0,,
4.464581,\r,,
4.46484,\n,,
4.47194,S,,
4.472198,W,,
4.472457,D,,
4.472716,R,,
4.472975,8,,
4.473233,2,,
4.473492,0,,
4.473751,1,,
4.47401,0,,
4.474269,0,,
4.474528,\r,,
4.474787,\n,,
4.491892,S,,
4.492151,W,,
4.49241,D,,
4.492669,R,,
4.492928,8,,
4.493187,3,,
4.493446,0,,
4.493705,1,,
4.493963,0,,
4.494222,0,,
4.494481,\r,,
4.49474,\n,,
4.501813,S,,
4.502072,W,,
4.502331,D,,
4.50259,R,,
4.502849,8,,
4.503108,2,,
4.503366,0,,
4.503625,1,,
4.503884,0,,
4.504143,0,,
4.504402,\r,,
4.504661,\n,,
4.511771,S,,
4.51203,W,,
4.512289,D,,
4.512547,R,,
4.512807,8,,
4.513066,3,,
4.513324,0,,
4.513583,1,,
4.513842,0,,
4.514101,0,,
4.51436,\r,,
4.514619,\n,,
4.521727,S,,
4.521986,W,,
4.522245,D,,
4.522504,R,,
4.522763,8,,
4.523022,2,,
4.523281,0,,
4.52354,1,,
4.523798,0,,
4.524057,0,,
4.524316,\r,,
4.524575,\n,,
4.561563,S,,
4.561822,W,,
4.562081,D,,
4.56234,R,,
4.562598,8,,
4.562858,1,,
4.563116,0,,
4.563375,1,,
4.563634,0,,
4.563893,0,,
4.564152,\r,,
4.564411,\n,,
4.571524,S,,
4.571783,W,,
4.572042,D,,
4.572301,R,,
4.57256,8,,
4.572819,2,,
4.573077,0,,
4.573336,1,,
4.573595,0,,
4.573854,0,,
4.574113,\r,,
4.574372,\n,,
4.581501,S,,
4.58176,W,,
4.582019,D,,
4.582278,R,,
4.582537,8,,
4.582796,1,,
4.583055,0,,
4.583314,1,,
4.583573,0,,
4.583832,0,,
4.584091,\r,,
4.584349,\n,,
4.631297,S,,
4.631555,W,,
4.631815,D,,
4.632073,R,,
4.632332,8,,
4.632591,2,,
4.63285,0,,
4.633109,1,,
4.633368,0,,
4.633627,0,,
4.633886,\r,,
4.634144,\n,,
4.641223,S,,
4.641481,W,,
4.64174,D,,
4.641999,R,,
4.642258,8,,
4.642517,1,,
4.642776,0,,
4.643035,1,,
4.643293,0,,
4.643552,0,,
4.643811,\r,,
4.64407,\n,,
4.770673,S,,
4.770932,W,,
4.771191,D,,
4.77145,R,,
4.771709,8,,
4.771968,2,,
4.772227,0,,
4.772486,1,,
4.772745,0,,
4.773004,0,,
4.773262,\r,,
4.773521,\n,,
4.780631,S,,
4.78089,W,,
4.781149,D,,
4.781408,R,,
4.781667,8,,
4.781926,1,,
4.782185,0,,
4.782444,1,,
4.782703,0,,
4.782962,0,,
4.78322,\r,,
4.783479,\n,,
4.790591,S,,
4.79085,W,,
4.791109,D,,
4.791368,R,,
4.791627,8,,
4.791886,2,,
4.792144,0,,
4.792403,1,,
4.792662,0,,
4.792921,0,,
4.79318,\r,,
4.793439,\n,,
4.81052,S,,
4.810779,W,,
4.811038,D,,
4.811297,R,,
4.811556,8,,
4.811815,1,,
4.812074,0,,
4.812333,1,,
4.812591,0,,
4.812851,0,,
4.813109,\r,,
4.813368,\n,,
4.820462,S,,
4.82072,W,,
4.820979,D,,
4.821239,R,,
4.821498,8,,
4.821756,2,,
4.822015,0,,
4.822274,1,,
4.822533,0,,
4.822792,0,,
4.823051,\r,,
4.82331,\n,,
4.850339,S,,
4.850598,W,,
4.850857,D,,
4.851116,R,,
4.851375,8,,
4.851634,3,,
4.851893,0,,
4.852152,1,,
4.852411,0,,
4.852669,0,,
4.852928,\r,,
4.853187,\n,,
4.860299,S,,
4.860558,W,,
4.860817,D,,
4.861076,R,,
4.861335,8,,
4.861593,2,,
4.861852,0,,
4.862111,1,,
4.86237,0,,
4.862629,0,,
4.862888,\r,,
4.863147,\n,,
4.929997,S,,
4.930256,W,,
4.930515,D,,
4.930774,R,,
4.931033,8,,
4.931292,1,,
4.93155,0,,
4.931809,1,,
4.932068,0,,
4.932327,0,,
4.932586,\r,,
4.932845,\n,,
4.939958,S,,
4.940217,W,,
4.940476,D,,
4.940735,R,,
4.940994,8,,
4.941253,2,,
4.941512,0,,
4.941771,1,,
4.94203,0,,
4.942288,0,,
4.942547,\r,,
4.942806,\n,,
4.95987,S,,
4.960128,W,,
4.960387,D,,
4.960646,R,,
4.960905,8,,
4.961164,1,,
4.961423,0,,
4.961682,1,,
4.961941,0,,
4.9622,0,,
4.962459,\r,,
4.962718,\n,,
4.979813,S,,
4.980072,W,,
4.980331,D,,
4.98059,R,,
4.980849,8,,
4.981108,2,,
4.981367,0,,
4.981625,1,,
4.981884,0,,
4.982143,0,,
4.982402,\r,,
4.982661,\n,,
4.989744,S,,
4.990003,W,,
4.990261,D,,
4.99052,R,,
4.990779,8,,
4.991038,1,,
4.991297,0,,
4.991556,1,,
4.991815,0,,
4.992074,0,,
4.992333,\r,,
4.992592,\n,,
5.04949,S,,
5.049749,W,,
5.050008,D,,
5.050267,R,,
5.050526,8,,
5.050785,2,,
5.051044,0,,
5.051302,1,,
5.051561,0,,
5.05182,0,,
5.052079,\r,,
5.052338,\n,,
5.059448,S,,
5.059707,W,,
5.059966,D,,
5.060225,R,,
5.060484,8,,
5.060743,1,,
5.061002,0,,
5.061261,1,,
5.061519,0,,
5.061778,0,,
5.062037,\r,,
5.062296,\n,,
5.069432,S,,
5.069691,W,,
5.06995,D,,
5.070209,R,,
5.070468,8,,
5.070727,2,,
5.070986,0,,
5.071244,1,,
5.071503,0,,
5.071762,0,,
5.072021,\r,,
5.07228,\n,,
5.079364,S,,
5.079623,W,,
5.079882,D,,
5.080141,R,,
5.0804,8,,
5.080659,1,,
5.080918,0,,
5.081177,1,,
5.081436,0,,
5.081694,0,,
5.081953,\r,,
5.082212,\n,,
5.089322,S,,
5.089581,W,,
5.08984,D,,
5.090099,R,,
5.090358,8,,
5.090617,2,,
5.090876,0,,
5.091135,1,,
5.091394,0,,
5.091652,0,,
5.091911,\r,,
5.09217,\n,,
5.109237,S,,
5.109495,W,,
5.109754,D,,
5.110013,R,,
5.110272,8,,
5.110531,3,,
5.11079,0,,
5.111049,1,,
5.111308,0,,
5.111567,0,,
5.111826,\r,,
5.112085,\n,,
5.119195,S,,
5.119454,W,,
5.119713,D,,
5.119972,R,,
5.12023,8,,
5.120489,2,,
5.120748,0,,
5.121007,1,,
5.121266,0,,
5.121525,0,,
5.121784,\r,,
5.122043,\n,,
5.178941,S,,
5.1792,W,,
5.179459,D,,
5.179718,R,,
5.179977,8,,
5.180236,1,,
5.180495,0,,
5.180754,1,,
5.181013,0,,
5.181272,0,,
5.18153,\r,,
5.181789,\n,,
5.188922,S,,
5.189181,W,,
5.18944,D,,
5.189699,R,,
5.189958,8,,
5.190217,2,,
5.190475,0,,
5.190734,1,,
5.190993,0,,
5.191252,0,,
5.191511,\r,,
5.19177,\n,,
5.198857,S,,
5.199116,W,,
5.199375,D,,
5.199634,R,,
5.199893,8,,
5.200152,1,,
5.200411,0,,
5.20067,1,,
5.200929,0,,
5.201188,0,,
5.201447,\r,,
5.201705,\n,,
5.218774,S,,
5.219032,W,,
5.219291,D,,
5.21955,R,,
5.219809,8,,
5.220068,2,,
5.220327,0,,
5.220586,1,,
5.220845,0,,
5.221104,0,,
5.221363,\r,,
5.221621,\n,,
5.238714,S,,
5.238973,W,,
5.239232,D,,
5.239491,R,,
5.23975,8,,
5.240008,1,,
5.240267,0,,
5.240526,1,,
5.240785,0,,
5.241044,0,,
5.241303,\r,,
5.241562,\n,,
5.248646,S,,
5.248904,W,,
5.249164,D,,
5.249423,R,,
5.249682,8,,
5.249941,2,,
5.250199,0,,
5.250458,1,,
5.250717,0,,
5.250976,0,,
5.251235,\r,,
5.251494,\n,,
5.258604,S,,
5.258863,W,,
5.259122,D,,
5.259381,R,,
5.25964,8,,
5.259899,1,,
5.260157,0,,
5.260416,1,,
5.260675,0,,
5.260934,0,,
5.261193,\r,,
5.261452,\n,,
5.268562,S,,
5.268821,W,,
5.26908,D,,
5.269339,R,,
5.269598,8,,
5.269857,2,,
5.270116,0,,
5.270374,1,,
5.270633,0,,
5.270892,0,,
5.271151,\r,,
5.27141,\n,,
5.288477,S,,
5.288735,W,,
5.288994,D,,
5.289253,R,,
5.289512,8,,
5.289771,1,,
5.29003,0,,
5.290289,1,,
5.290548,0,,
5.290807,0,,
5.291066,\r,,
5.291325,\n,,
5.308393,S,,
5.308652,W,,
5.30891,D,,
5.309169,R,,
5.309428,8,,
5.309687,2,,
5.309946,0,,
5.310205,1,,
5.310464,0,,
5.310723,0,,
5.310982,\r,,
5.31124,\n,,
5.318352,S,,
5.318611,W,,
5.31887,D,,
5.319129,R,,
5.319388,8,,
5.319647,1,,
5.319906,0,,
5.320165,1,,
5.320424,0,,
5.320682,0,,
5.320941,\r,,
5.3212,\n,,
5.328315,S,,
5.328574,W,,
5.328833,D,,
5.329092,R,,
5.329351,8,,
5.32961,2,,
5.329869,0,,
5.330127,1,,
5.330386,0,,
5.330645,0,,
5.330904,\r,,
5.331163,\n,,
5.338267,S,,
5.338525,W,,
5.338784,D,,
5.339043,R,,
5.339302,8,,
5.339561,1,,
5.33982,0,,
5.340079,1,,
5.340338,0,,
5.340597,0,,
5.340856,\r,,
5.341115,\n,,
5.368141,S,,
5.3684,W,,
5.368659,D,,
5.368917,R,,
5.369176,8,,
5.369435,2,,
5.369694,0,,
5.369953,1,,
5.370212,0,,
5.370471,0,,
5.37073,\r,,
5.370989,\n,,
5.378123,S,,
5.378382,W,,
5.378641,D,,
5.3789,R,,
5.379159,8,,
5.379418,1,,
5.379676,0,,
5.379935,1,,
5.380194,0,,
5.380453,0,,
5.380712,\r,,
5.380971,\n,,
5.388055,S,,
5.388314,W,,
5.388573,D,,
5.388832,R,,
5.389091,8,,
5.38935,2,,
5.389609,0,,
5.389868,1,,
5.390126,0,,
5.390385,0,,
5.390644,\r,,
5.390903,\n,,
5.417928,S,,
5.418187,W,,
5.418446,D,,
5.418704,R,,
5.418963,8,,
5.419222,3,,
5.419481,0,,
5.41974,1,,
5.419999,0,,
5.420258,0,,
5.420516,\r,,
5.420775,\n,,
5.427913,S,,
5.428172,W,,
5.428431,D,,
5.42869,R,,
5.428949,8,,
5.429208,2,,
5.429467,0,,
5.429726,1,,
5.429985,0,,
5.430243,0,,
5.430502,\r,,
5.430761,\n,,
5.437845,S,,
5.438104,W,,
5.438363,D,,
5.438622,R,,
5.438881,8,,
5.43914,3,,
5.439399,0,,
5.439658,1,,
5.439917,0,,
5.440176,0,,
5.440434,\r,,
5.440693,\n,,
5.447814,S,,
5.448072,W,,
5.448331,D,,
5.44859,R,,
5.448849,8,,
5.449108,2,,
5.449367,0,,
5.449626,1,,
5.449884,0,,
5.450143,0,,
5.450402,\r,,
5.450661,\n,,
5.45776,S,,
5.458019,W,,
5.458278,D,,
5.458537,R,,
5.458796,8,,
5.459054,3,,
5.459313,0,,
5.459572,1,,
5.459831,0,,
5.46009,0,,
5.460349,\r,,
5.460608,\n,,
5.467747,S,,
5.468006,W,,
5.468265,D,,
5.468524,R,,
5.468783,8,,
5.469042,2,,
5.4693,0,,
5.469559,1,,
5.469818,0,,
5.470077,0,,
5.470336,\r,,
5.470595,\n,,
5.497616,S,,
5.497875,W,,
5.498134,D,,
5.498393,R,,
5.498652,8,,
5.498911,1,,
5.49917,0,,
5.499429,1,,
5.499687,0,,
5.499946,0,,
5.500205,\r,,
5.500464,\n,,
5.507566,S,,
5.507825,W,,
5.508084,D,,
5.508343,R,,
5.508602,8,,
5.508861,2,,
5.50912,0,,
5.509379,1,,
5.509637,0,,
5.509896,0,,
5.510155,\r,,
5.510414,\n,,
5.527463,S,,
5.527722,W,,
5.527981,D,,
5.52824,R,,
5.528498,8,,
5.528757,1,,
5.529016,0,,
5.529275,1,,
5.529534,0,,
5.529793,0,,
5.530052,\r,,
5.530311,\n,,
5.537423,S,,
5.537681,W,,
5.53794,D,,
5.538199,R,,
5.538458,8,,
5.538717,2,,
5.538976,0,,
5.539235,1,,
5.539494,0,,
5.539753,0,,
5.540012,\r,,
5.54027,\n,,
5.547381,S,,
5.547639,W,,
5.547898,D,,
5.548157,R,,
5.548416,8,,
5.548675,1,,
5.548934,0,,
5.549193,1,,
5.549452,0,,
5.549711,0,,
5.54997,\r,,
5.550228,\n,,
5.557337,S,,
5.557596,W,,
5.557855,D,,
5.558114,R,,
5.558373,8,,
5.558631,2,,
5.55889,0,,
5.559149,1,,
5.559408,0,,
5.559667,0,,
5.559926,\r,,
5.560185,\n,,
5.567323,S,,
5.567581,W,,
5.56784,D,,
5.568099,R,,
5.568358,8,,
5.568617,1,,
5.568876,0,,
5.569135,1,,
5.569394,0,,
5.569653,0,,
5.569912,\r,,
5.57017,\n,,
5.597169,S,,
5.597428,W,,
5.597687,D,,
5.597946,R,,
5.598205,8,,
5.598464,2,,
5.598722,0,,
5.598981,1,,
5.59924,0,,
5.599499,0,,
5.599758,\r,,
5.600017,\n,,
5.607127,S,,
5.607386,W,,
5.607645,D,,
5.607904,R,,
5.608163,8,,
5.608422,1,,
5.608681,0,,
5.608939,1,,
5.609198,0,,
5.609457,0,,
5.609716,\r,,
5.609975,\n,,
5.646958,S,,
5.647217,W,,
5.647475,D,,
5.647734,R,,
5.647993,8,,
5.648252,2,,
5.648511,0,,
5.64877,1,,
5.649029,0,,
5.649288,0,,
5.649547,\r,,
5.649806,\n,,
5.656916,S,,
5.657175,W,,
5.657434,D,,
5.657692,R,,
5.657951,8,,
5.65821,1,,
5.658469,0,,
5.658728,1,,
5.658987,0,,
5.659246,0,,
5.659505,\r,,
5.659764,\n,,
5.666874,S,,
5.667133,W,,
5.667392,D,,
5.66765,R,,
5.667909,8,,
5.668168,2,,
5.668427,0,,
5.668686,1,,
5.668945,0,,
5.669204,0,,
5.669463,\r,,
5.669722,\n,,
5.706704,S,,
5.706963,W,,
5.707222,D,,
5.707481,R,,
5.70774,8,,
5.707999,3,,
5.708258,0,,
5.708517,1,,
5.708775,0,,
5.709034,0,,
5.709293,\r,,
5.709552,\n,,
5.716662,S,,
5.716921,W,,
5.71718,D,,
5.717439,R,,
5.717698,8,,
5.717957,2,,
5.718216,0,,
5.718475,1,,
5.718734,0,,
5.718992,0,,
5.719251,\r,,
5.71951,\n,,
5.72662,S,,
5.726879,W,,
5.727138,D,,
5.727397,R,,
5.727656,8,,
5.727915,3,,
5.728174,0,,
5.728433,1,,
5.728692,0,,
5.72895,0,,
5.729209,\r,,
5.729468,\n,,
5.736578,S,,
5.736837,W,,
5.737096,D,,
5.737355,R,,
5.737614,8,,
5.737873,2,,
5.738132,0,,
5.738391,1,,
5.73865,0,,
5.738909,0,,
5.739167,\r,,
5.739426,\n,,
5.746574,S,,
5.746833,W,,
5.747091,D,,
5.74735,R,,
5.747609,8,,
5.747868,3,,
5.748127,0,,
5.748386,1,,
5.748645,0,,
5.748903,0,,
5.749162,\r,,
5.749422,\n,,
5.756519,S,,
5.756778,W,,
5.757036,D,,
5.757295,R,,
5.757554,8,,
5.757813,2,,
5.758072,0,,
5.758331,1,,
5.75859,0,,
5.758849,0,,
5.759108,\r,,
5.759367,\n,,
5.776415,S,,
5.776674,W,,
5.776933,D,,
5.777192,R,,
5.777451,8,,
5.77771,1,,
5.777969,0,,
5.778227,1,,
5.778486,0,,
5.778745,0,,
5.779004,\r,,
5.779263,\n,,
5.786393,S,,
5.786652,W,,
5.786911,D,,
5.78717,R,,
5.787428,8,,
5.787687,2,,
5.787946,0,,
5.788205,1,,
5.788464,0,,
5.788723,0,,
5.788982,\r,,
5.789241,\n,,
5.806283,S,,
5.806542,W,,
5.806801,D,,
5.807059,R,,
5.807318,8,,
5.807577,1,,
5.807836,0,,
5.808095,1,,
5.808354,0,,
5.808613,0,,
5.808872,\r,,
5.809131,\n,,
5.816239,S,,
5.816498,W,,
5.816758,D,,
5.817016,R,,
5.817275,8,,
5.817534,2,,
5.817793,0,,
5.818052,1,,
5.818311,0,,
5.818569,0,,
5.818828,\r,,
5.819087,\n,,
5.836159,S,,
5.836417,W,,
5.836676,D,,
5.836935,R,,
5.837194,8,,
5.837453,1,,
5.837712,0,,
5.837971,1,,
5.83823,0,,
5.838489,0,,
5.838748,\r,,
5.839007,\n,,
5.846146,S,,
5.846405,W,,
5.846664,D,,
5.846923,R,,
5.847182,8,,
5.847441,2,,
5.847699,0,,
5.847959,1,,
5.848217,0,,
5.848476,0,,
5.848735,\r,,
5.848994,\n,,
5.866028,S,,
5.866287,W,,
5.866546,D,,
5.866805,R,,
5.867063,8,,
5.867322,1,,
5.867581,0,,
5.86784,1,,
5.868099,0,,
5.868358,0,,
5.868617,\r,,
5.868876,\n,,
5.875986,S,,
5.876245,W,,
5.876503,D,,
5.876763,R,,
5.877022,8,,
5.87728,2,,
5.877539,0,,
5.877798,1,,
5.878057,0,,
5.878316,0,,
5.878575,\r,,
5.878834,\n,,
5.895902,S,,
5.896161,W,,
5.89642,D,,
5.896678,R,,
5.896937,8,,
5.897196,1,,
5.897455,0,,
5.897714,1,,
5.897973,0,,
5.898232,0,,
5.898491,\r,,
5.89875,\n,,
5.905883,S,,
5.906142,W,,
5.906401,D,,
5.906659,R,,
5.906918,8,,
5.907177,2,,
5.907436,0,,
5.907695,1,,
5.907954,0,,
5.908213,0,,
5.908472,\r,,
5.908731,\n,,
5.915841,S,,
5.9161,W,,
5.916359,D,,
5.916617,R,,
5.916876,8,,
5.917135,1,,
5.917394,0,,
5.917653,1,,
5.917912,0,,
5.918171,0,,
5.91843,\r,,
5.918689,\n,,
5.925773,S,,
5.926032,W,,
5.926291,D,,
5.92655,R,,
5.926809,8,,
5.927067,2,,
5.927326,0,,
5.927585,1,,
5.927844,0,,
5.928103,0,,
5.928362,\r,,
5.928621,\n,,
5.935731,S,,
5.93599,W,,
5.936249,D,,
5.936508,R,,
5.936767,8,,
5.937025,1,,
5.937284,0,,
5.937543,1,,
5.937802,0,,
5.938061,0,,
5.93832,\r,,
5.938578,\n,,
5.945689,S,,
5.945948,W,,
5.946207,D,,
5.946466,R,,
5.946725,8,,
5.946983,2,,
5.947242,0,,
5.947501,1,,
5.94776,0,,
5.948019,0,,
5.948278,\r,,
5.948537,\n,,
5.95567,S,,
5.955929,W,,
5.956187,D,,
5.956447,R,,
5.956705,8,,
5.956964,1,,
5.957223,0,,
5.957482,1,,
5.957741,0,,
5.958,0,,
5.958259,\r,,
5.958518,\n,,
5.965637,S,,
5.965896,W,,
5.966155,D,,
5.966414,R,,
5.966673,8,,
5.966932,2,,
5.967191,0,,
5.96745,1,,
5.967709,0,,
5.967968,0,,
5.968226,\r,,
5.968485,\n,,
5.975594,S,,
5.975852,W,,
5.976112,D,,
5.97637,R,,
5.976629,8,,
5.976888,3,,
5.977147,0,,
5.977406,1,,
5.977665,0,,
5.977924,0,,
5.978183,\r,,
5.978442,\n,,
5.985518,S,,
5.985776,W,,
5.986035,D,,
5.986295,R,,
5.986553,8,,
5.986813,2,,
5.987071,0,,
5.98733,1,,
5.987589,0,,
5.987848,0,,
5.988107,\r,,
5.988366,\n,,
6.055284,S,,
6.055543,W,,
6.055802,D,,
6.056061,V,,
6.056319,5,,
6.056578,3,,
6.056837,4,,
6.057096,B,,
6.057356,2,,
6.057613,0,,
6.057874,0,,
6.058132,0,,
6.058391,0,,
6.05865,1,,
6.058909,0,,
6.059167,0,,
6.059426,\r,,
6.059685,\n,,
6.065242,S,,
6.065501,W,,
6.06576,D,,
6.066019,V,,
6.066278,5,,
6.066536,3,,
6.066795,4,,
6.067054,B,,
6.067313,1,,
6.067572,E,,
6.067831,0,,
6.06809,0,,
6.068349,0,,
6.068608,1,,
6.068867,0,,
6.069125,0,,
6.069384,\r,,
6.069643,\n,,
6.075287,S,,
6.075546,W,,
6.075805,D,,
6.076064,A,,
6.076323,0,,
6.076582,0,,
6.076841,0,,
6.0771,0,,
6.077359,0,,
6.077617,0,,
6.077876,0,,
6.078135,0,,
6.078394,5,,
6.078653,3,,
6.078912,4,,
6.079171,B,,
6.07943,1,,
6.079689,F,,
6.079948,0,,
6.080206,0,,
6.080465,8,,
6.080724,1,,
6.080983,0,,
6.081242,1,,
6.081501,0,,
6.08176,0,,
6.082019,\r,,
6.082278,\n,,
6.085074,S,,
6.085333,W,,
6.085592,D,,
6.085851,R,,
6.086109,8,,
6.086368,2,,
6.086627,0,,
6.086886,1,,
6.087145,0,,
6.087404,0,,
6.087663,\r,,
6.087922,\n,,
6.10499,S,,
6.105249,W,,
6.105508,D,,
6.105767,R,,
6.106025,8,,
6.106284,1,,
6.106543,0,,
6.106802,1,,
6.107061,0,,
6.10732,0,,
6.107579,\r,,
6.107838,\n,,
6.114948,S,,
6.115207,W,,
6.115466,D,,
6.115725,R,,
6.115984,8,,
6.116242,2,,
6.116501,0,,
6.11676,1,,
6.117019,0,,
6.117278,0,,
6.117537,\r,,
6.117796,\n,,
6.124906,S,,
6.125165,W,,
6.125424,D,,
6.125683,R,,
6.125942,8,,
6.1262,1,,
6.126459,0,,
6.126718,1,,
6.126977,0,,
6.127236,0,,
6.127495,\r,,
6.127754,\n,,
6.14482,S,,
6.145079,W,,
6.145338,D,,
6.145597,R,,
6.145856,8,,
6.146115,2,,
6.146374,0,,
6.146633,1,,
6.146892,0,,
6.147151,0,,
6.147409,\r,,
6.147668,\n,,
6.154778,S,,
6.155037,W,,
6.155296,D,,
6.155555,R,,
6.155814,8,,
6.156073,1,,
6.156333,0,,
6.156591,1,,
6.15685,0,,
6.157109,0,,
6.157367,\r,,
6.157626,\n,,
6.174698,S,,
6.174957,W,,
6.175216,D,,
6.175474,R,,
6.175733,8,,
6.175992,2,,
6.176251,0,,
6.17651,1,,
6.176769,0,,
6.177028,0,,
6.177287,\r,,
6.177546,\n,,
6.184659,S,,
6.184918,W,,
6.185177,D,,
6.185436,R,,
6.185694,8,,
6.185953,1,,
6.186212,0,,
6.186471,1,,
6.18673,0,,
6.186989,0,,
6.187248,\r,,
6.187507,\n,,
6.204567,S,,
6.204826,W,,
6.205085,D,,
6.205344,R,,
6.205603,8,,
6.205862,2,,
6.20612,0,,
6.206379,1,,
6.206638,0,,
6.206898,0,,
6.207156,\r,,
6.207415,\n,,
6.214525,S,,
6.214784,W,,
6.215043,D,,
6.215302,R,,
6.215561,8,,
6.21582,1,,
6.216079,0,,
6.216337,1,,
6.216596,0,,
6.216855,0,,
6.217114,\r,,
6.217373,\n,,
6.224483,S,,
6.224742,W,,
6.225001,D,,
6.22526,R,,
6.225519,8,,
6.225777,2,,
6.226037,0,,
6.226295,1,,
6.226554,0,,
6.226813,0,,
6.227072,\r,,
6.227331,\n,,
6.244417,S,,
6.244676,W,,
6.244935,D,,
6.245194,R,,
6.245453,8,,
6.245711,1,,
6.24597,0,,
6.246229,1,,
6.246488,0,,
6.246747,0,,
6.247006,\r,,
6.247265,\n,,
6.254356,S,,
6.254615,W,,
6.254873,D,,
6.255132,R,,
6.255391,8,,
6.25565,2,,
6.255909,0,,
6.256168,1,,
6.256427,0,,
6.256686,0,,
6.256945,\r,,
6.257203,\n,,
6.26433,S,,
6.264589,W,,
6.264848,D,,
6.265106,R,,
6.265365,8,,
6.265624,3,,
6.265883,0,,
6.266142,1,,
6.266401,0,,
6.26666,0,,
6.266919,\r,,
6.267178,\n,,
6.274335,S,,
6.274594,W,,
6.274853,D,,
6.275111,R,,
6.27537,8,,
6.275629,2,,
6.275888,0,,
6.276147,1,,
6.276406,0,,
6.276665,0,,
6.276924,\r,,
6.277183,\n,,
6.294303,S,,
6.294562,W,,
6.29482,D,,
6.29508,R,,
6.295338,8,,
6.295597,1,,
6.295856,0,,
6.296115,1,,
6.296374,0,,
6.296633,0,,
6.296892,\r,,
6.297151,\n,,
6.304157,S,,
6.304416,W,,
6.304675,D,,
6.304934,R,,
6.305193,8,,
6.305451,2,,
6.30571,0,,
6.305969,1,,
6.306228,0,,
6.306487,0,,
6.306746,\r,,
6.307005,\n,,
6.31429,S,,
6.314549,W,,
6.314808,D,,
6.315067,R,,
6.315326,8,,
6.315584,1,,
6.315843,0,,
6.316102,1,,
6.316361,0,,
6.31662,0,,
6.316879,\r,,
6.317138,\n,,
6.334211,S,,
6.33447,W,,
6.334729,D,,
6.334988,R,,
6.335246,8,,
6.335505,2,,
6.335764,0,,
6.336023,1,,
6.336282,0,,
6.336541,0,,
6.3368,\r,,
6.337059,\n,,
6.344162,S,,
6.344421,W,,
6.34468,D,,
6.344939,R,,
6.345198,8,,
6.345457,1,,
6.345716,0,,
6.345974,1,,
6.346234,0,,
6.346492,0,,
6.346752,\r,,
6.34701,\n,,
6.364078,S,,
6.364337,W,,
6.364596,D,,
6.364855,R,,
6.365114,8,,
6.365373,2,,
6.365632,0,,
6.365891,1,,
6.36615,0,,
6.366409,0,,
6.366667,\r,,
6.366926,\n,,
6.374064,S,,
6.374323,W,,
6.374582,D,,
6.374841,R,,
6.3751,8,,
6.375358,1,,
6.375617,0,,
6.375876,1,,
6.376135,0,,
6.376394,0,,
6.376653,\r,,
6.376912,\n,,
6.38386,S,,
6.384119,W,,
6.384378,D,,
6.384637,R,,
6.384896,8,,
6.385155,2,,
6.385414,0,,
6.385672,1,,
6.385931,0,,
6.38619,0,,
6.386449,\r,,
6.386708,\n,,
6.413708,S,,
6.413967,W,,
6.414226,D,,
6.414485,R,,
6.414744,8,,
6.415003,1,,
6.415262,0,,
6.415521,1,,
6.41578,0,,
6.416038,0,,
6.416297,\r,,
6.416556,\n,,
6.42369,S,,
6.42395,W,,
6.424208,D,,
6.424467,R,,
6.424726,8,,
6.424985,2,,
6.425244,0,,
6.425503,1,,
6.425762,0,,
6.426021,0,,
6.42628,\r,,
6.426539,\n,,
6.433623,S,,
6.433882,W,,
6.434141,D,,
6.434399,R,,
6.434658,8,,
6.434917,1,,
6.435176,0,,
6.435435,1,,
6.435693,0,,
6.435953,0,,
6.436212,\r,,
6.436471,\n,,
6.443607,S,,
6.443866,W,,
6.444124,D,,
6.444383,R,,
6.444642,8,,
6.444901,2,,
6.44516,0,,
6.445419,1,,
6.445678,0,,
6.445937,0,,
6.446196,\r,,
6.446455,\n,,
6.453565,S,,
6.453824,W,,
6.454083,D,,
6.454341,R,,
6.4546,8,,
6.454859,1,,
6.455118,0,,
6.455377,1,,
6.455636,0,,
6.455895,0,,
6.456154,\r,,
6.456413,\n,,
6.483411,S,,
6.48367,W,,
6.483929,D,,
6.484188,R,,
6.484447,8,,
6.484706,2,,
6.484965,0,,
6.485224,1,,
6.485483,0,,
6.485742,0,,
6.486001,\r,,
6.486259,\n,,
6.493371,S,,
6.49363,W,,
6.493889,D,,
6.494148,R,,
6.494406,8,,
6.494665,1,,
6.494924,0,,
6.495183,1,,
6.495442,0,,
6.495701,0,,
6.49596,\r,,
6.496219,\n,,
6.503353,S,,
6.503612,W,,
6.503871,D,,
6.50413,R,,
6.504389,8,,
6.504648,2,,
6.504907,0,,
6.505165,1,,
6.505424,0,,
6.505683,0,,
6.505943,\r,,
6.506202,\n,,
6.513285,S,,
6.513544,W,,
6.513803,D,,
6.514062,R,,
6.514321,8,,
6.51458,1,,
6.514839,0,,
6.515098,1,,
6.515357,0,,
6.515615,0,,
6.515874,\r,,
6.516133,\n,,
6.523242,S,,
6.523501,W,,
6.523759,D,,
6.524018,R,,
6.524277,8,,
6.524536,2,,
6.524795,0,,
6.525054,1,,
6.525313,0,,
6.525572,0,,
6.525831,\r,,
6.52609,\n,,
6.553127,S,,
6.553386,W,,
6.553645,D,,
6.553904,R,,
6.554163,8,,
6.554422,3,,
6.55468,0,,
6.554939,1,,
6.555198,0,,
6.555457,0,,
6.555716,\r,,
6.555975,\n,,
6.563074,S,,
6.563333,W,,
6.563592,D,,
6.56385,R,,
6.564109,8,,
6.564368,2,,
6.564627,0,,
6.564886,1,,
6.565145,0,,
6.565404,0,,
6.565663,\r,,
6.565922,\n,,
6.583016,S,,
6.583275,W,,
6.583533,D,,
6.583792,R,,
6.584051,8,,
6.58431,3,,
6.584569,0,,
6.584828,1,,
6.585086,0,,
6.585346,0,,
6.585605,\r,,
6.585864,\n,,
6.592977,S,,
6.593236,W,,
6.593495,D,,
6.593754,R,,
6.594013,8,,
6.594271,2,,
6.59453,0,,
6.594789,1,,
6.595048,0,,
6.595307,0,,
6.595566,\r,,
6.595825,\n,,
6.642762,S,,
6.643021,W,,
6.64328,D,,
6.643539,R,,
6.643798,8,,
6.644057,1,,
6.644315,0,,
6.644574,1,,
6.644833,0,,
6.645092,0,,
6.645351,\r,,
6.645609,\n,,
6.682567,S,,
6.682826,W,,
6.683084,D,,
6.683343,R,,
6.683602,8,,
6.683861,2,,
6.68412,0,,
6.684379,1,,
6.684638,0,,
6.684897,0,,
6.685156,\r,,
6.685415,\n,,
6.692525,S,,
6.692784,W,,
6.693043,D,,
6.693301,R,,
6.693561,8,,
6.69382,1,,
6.694078,0,,
6.694337,1,,
6.694596,0,,
6.694855,0,,
6.695114,\r,,
6.695373,\n,,
6.702483,S,,
6.702742,W,,
6.703,D,,
6.703259,R,,
6.703518,8,,
6.703777,2,,
6.704036,0,,
6.704295,1,,
6.704554,0,,
6.704813,0,,
6.705072,\r,,
6.705331,\n,,
6.712441,S,,
6.7127,W,,
6.712959,D,,
6.713217,R,,
6.713476,8,,
6.713735,1,,
6.713994,0,,
6.714253,1,,
6.714512,0,,
6.714771,0,,
6.71503,\r,,
6.715289,\n,,
6.722397,S,,
6.722656,W,,
6.722915,D,,
6.723174,R,,
6.723433,8,,
6.723692,2,,
6.723951,0,,
6.724209,1,,
6.724468,0,,
6.724727,0,,
6.724986,\r,,
6.725245,\n,,
6.762229,S,,
6.762488,W,,
6.762747,D,,
6.763006,R,,
6.763265,8,,
6.763524,1,,
6.763783,0,,
6.764042,1,,
6.7643,0,,
6.764559,0,,
6.764818,\r,,
6.765077,\n,,
6.772187,S,,
6.772446,W,,
6.772705,D,,
6.772964,R,,
6.773223,8,,
6.773482,2,,
6.773741,0,,
6.774,1,,
6.774258,0,,
6.774517,0,,
6.774776,\r,,
6.775035,\n,,
6.821976,S,,
6.822235,W,,
6.822494,D,,
6.822752,R,,
6.823011,8,,
6.82327,1,,
6.823529,0,,
6.823788,1,,
6.824047,0,,
6.824306,0,,
6.824565,\r,,
6.824824,\n,,
6.831942,S,,
6.832201,W,,
6.83246,D,,
6.832719,R,,
6.832977,8,,
6.833236,2,,
6.833495,0,,
6.833754,1,,
6.834013,0,,
6.834272,0,,
6.834531,\r,,
6.83479,\n,,
6.921554,S,,
6.921813,W,,
6.922072,D,,
6.922331,R,,
6.92259,8,,
6.922849,1,,
6.923108,0,,
6.923367,1,,
6.923625,0,,
6.923884,0,,
6.924143,\r,,
6.924402,\n,,
6.941469,S,,
6.941728,W,,
6.941986,D,,
6.942245,R,,
6.942504,8,,
6.942763,2,,
6.943022,0,,
6.943281,1,,
6.94354,0,,
6.943799,0,,
6.944058,\r,,
6.944317,\n,,
6.951453,S,,
6.951711,W,,
6.95197,D,,
6.952229,R,,
6.952488,8,,
6.952747,1,,
6.953006,0,,
6.953265,1,,
6.953524,0,,
6.953783,0,,
6.954042,\r,,
6.954301,\n,,
6.961398,S,,
6.961657,W,,
6.961915,D,,
6.962174,R,,
6.962433,8,,
6.962692,2,,
6.962951,0,,
6.96321,1,,
6.963469,0,,
6.963728,0,,
6.963987,\r,,
6.964246,\n,,
6.971341,S,,
6.9716,W,,
6.971859,D,,
6.972118,R,,
6.972377,8,,
6.972636,1,,
6.972895,0,,
6.973153,1,,
6.973412,0,,
6.973671,0,,
6.97393,\r,,
6.974189,\n,,
6.981299,S,,
6.981558,W,,
6.981817,D,,
6.982076,R,,
6.982335,8,,
6.982594,2,,
6.982853,0,,
6.983111,1,,
6.98337,0,,
6.983629,0,,
6.983888,\r,,
6.984147,\n,,
7.090834,S,,
7.091093,W,,
7.091352,D,,
7.091611,R,,
7.09187,8,,
7.092129,1,,
7.092387,0,,
7.092646,1,,
7.092905,0,,
7.093164,0,,
7.093423,\r,,
7.093681,\n,,
7.100803,S,,
7.101062,W,,
7.101321,D,,
7.10158,R,,
7.101839,8,,
7.102098,2,,
7.102357,0,,
7.102616,1,,
7.102875,0,,
7.103133,0,,
7.103392,\r,,
7.103651,\n,,
7.110752,S,,
7.11101,W,,
7.111269,D,,
7.111528,R,,
7.111787,8,,
7.112046,1,,
7.112305,0,,
7.112564,1,,
7.112823,0,,
7.113082,0,,
7.11334,\r,,
7.1136,\n,,
7.120731,S,,
7.12099,W,,
7.121248,D,,
7.121507,R,,
7.121766,8,,
7.122025,2,,
7.122284,0,,
7.122543,1,,
7.122802,0,,
7.123061,0,,
7.12332,\r,,
7.123579,\n,,
7.150588,S,,
7.150847,W,,
7.151106,D,,
7.151365,R,,
7.151624,8,,
7.151883,1,,
7.152142,0,,
7.152401,1,,
7.15266,0,,
7.152919,0,,
7.153177,\r,,
7.153436,\n,,
7.160551,S,,
7.16081,W,,
7.161069,D,,
7.161328,R,,
7.161587,8,,
7.161846,2,,
7.162105,0,,
7.162364,1,,
7.162623,0,,
7.162881,0,,
7.16314,\r,,
7.163399,\n,,
7.1705,S,,
7.170759,W,,
7.171018,D,,
7.171276,R,,
7.171535,8,,
7.171794,3,,
7.172053,0,,
7.172312,1,,
7.172571,0,,
7.17283,0,,
7.173089,\r,,
7.173348,\n,,
7.180461,S,,
7.18072,W,,
7.180979,D,,
7.181238,R,,
7.181497,8,,
7.181755,2,,
7.182014,0,,
7.182273,1,,
7.182532,0,,
7.182791,0,,
7.18305,\r,,
7.183309,\n,,
7.220308,S,,
7.220567,W,,
7.220825,D,,
7.221084,R,,
7.221343,8,,
7.221602,1,,
7.221861,0,,
7.22212,1,,
7.222379,0,,
7.222638,0,,
7.222897,\r,,
7.223156,\n,,
7.230261,S,,
7.23052,W,,
7.230779,D,,
7.231037,R,,
7.231296,8,,
7.231555,2,,
7.231814,0,,
7.232073,1,,
7.232332,0,,
7.232591,0,,
7.23285,\r,,
7.233109,\n,,
7.250186,S,,
7.250445,W,,
7.250704,D,,
7.250963,R,,
7.251222,8,,
7.251481,1,,
7.25174,0,,
7.251999,1,,
7.252258,0,,
7.252517,0,,
7.252776,\r,,
7.253034,\n,,
7.260117,S,,
7.260376,W,,
7.260635,D,,
7.260894,R,,
7.261153,8,,
7.261412,2,,
7.26167,0,,
7.261929,1,,
7.262188,0,,
7.262447,0,,
7.262706,\r,,
7.262965,\n,,
7.280059,S,,
7.280318,W,,
7.280577,D,,
7.280836,R,,
7.281095,8,,
7.281353,1,,
7.281612,0,,
7.281871,1,,
7.28213,0,,
7.282389,0,,
7.282648,\r,,
7.282906,\n,,
7.289991,S,,
7.29025,W,,
7.290509,D,,
7.290768,R,,
7.291027,8,,
7.291286,2,,
7.291544,0,,
7.291803,1,,
7.292062,0,,
7.292321,0,,
7.29258,\r,,
7.292839,\n,,
7.309907,S,,
7.310166,W,,
7.310425,D,,
7.310684,R,,
7.310943,8,,
7.311202,1,,
7.31146,0,,
7.311719,1,,
7.311978,0,,
7.312237,0,,
7.312496,\r,,
7.312755,\n,,
7.319865,S,,
7.320124,W,,
7.320383,D,,
7.320642,R,,
7.320901,8,,
7.32116,2,,
7.321419,0,,
7.321677,1,,
7.321936,0,,
7.322195,0,,
7.322454,\r,,
7.322713,\n,,
7.459272,S,,
7.459531,W,,
7.45979,D,,
7.460049,R,,
7.460309,8,,
7.460568,1,,
7.460827,0,,
7.461085,1,,
7.461344,0,,
7.461603,0,,
7.461861,\r,,
7.46212,\n,,
7.469256,S,,
7.469515,W,,
7.469774,D,,
7.470033,R,,
7.470292,8,,
7.470551,2,,
7.47081,0,,
7.471069,1,,
7.471328,0,,
7.471586,0,,
7.471845,\r,,
7.472104,\n,,
7.4792,S,,
7.479459,W,,
7.479718,D,,
7.479976,R,,
7.480235,8,,
7.480494,1,,
7.480753,0,,
7.481012,1,,
7.481271,0,,
7.48153,0,,
7.481789,\r,,
7.482048,\n,,
7.489173,S,,
7.489431,W,,
7.489691,D,,
7.489949,R,,
7.490208,8,,
7.490467,2,,
7.490726,0,,
7.490985,1,,
7.491244,0,,
7.491502,0,,
7.491761,\r,,
7.49202,\n,,
7.509082,S,,
7.509341,W,,
7.5096,D,,
7.509859,R,,
7.510118,8,,
7.510376,1,,
7.510635,0,,
7.510894,1,,
7.511153,0,,
7.511412,0,,
7.511671,\r,,
7.51193,\n,,
7.519022,S,,
7.519281,W,,
7.51954,D,,
7.519799,R,,
7.520058,8,,
7.520317,2,,
7.520576,0,,
7.520834,1,,
7.521093,0,,
7.521352,0,,
7.521611,\r,,
7.52187,\n,,
7.528977,S,,
7.529236,W,,
7.529495,D,,
7.529754,R,,
7.530013,8,,
7.530271,1,,
7.53053,0,,
7.530789,1,,
7.531048,0,,
7.531307,0,,
7.531566,\r,,
7.531825,\n,,
7.538935,S,,
7.539194,W,,
7.539453,D,,
7.539712,R,,
7.539971,8,,
7.54023,2,,
7.540488,0,,
7.540747,1,,
7.541006,0,,
7.541265,0,,
7.541524,\r,,
7.541783,\n,,
7.5489,S,,
7.549158,W,,
7.549417,D,,
7.549676,R,,
7.549935,8,,
7.550194,1,,
7.550453,0,,
7.550712,1,,
7.550971,0,,
7.55123,0,,
7.551489,\r,,
7.551747,\n,,
7.558877,S,,
7.559137,W,,
7.559395,D,,
7.559654,R,,
7.559913,8,,
7.560171,2,,
7.56043,0,,
7.560689,1,,
7.560948,0,,
7.561207,0,,
7.561466,\r,,
7.561725,\n,,
7.578768,S,,
7.579027,W,,
7.579285,D,,
7.579544,R,,
7.579803,8,,
7.580062,1,,
7.580321,0,,
7.580579,1,,
7.580838,0,,
7.581097,0,,
7.581356,\r,,
7.581615,\n,,
7.588724,S,,
7.588982,W,,
7.589241,D,,
7.5895,R,,
7.589759,8,,
7.590018,2,,
7.590277,0,,
7.590536,1,,
7.590795,0,,
7.591054,0,,
7.591313,\r,,
7.591572,\n,,
7.63852,S,,
7.638779,W,,
7.639038,D,,
7.639297,R,,
7.639556,8,,
7.639815,3,,
7.640074,0,,
7.640332,1,,
7.640591,0,,
7.64085,0,,
7.641109,\r,,
7.641368,\n,,
7.64847,S,,
7.648729,W,,
7.648988,D,,
7.649247,R,,
7.649506,8,,
7.649765,2,,
7.650023,0,,
7.650282,1,,
7.650541,0,,
7.6508,0,,
7.651059,\r,,
7.651318,\n,,
7.67836,S,,
7.678619,W,,
7.678878,D,,
7.679137,R,,
7.679396,8,,
7.679655,1,,
7.679914,0,,
7.680173,1,,
7.680431,0,,
7.68069,0,,
7.680949,\r,,
7.681208,\n,,
7.688302,S,,
7.688561,W,,
7.68882,D,,
7.689079,R,,
7.689338,8,,
7.689597,2,,
7.689855,0,,
7.690114,1,,
7.690373,0,,
7.690632,0,,
7.690891,\r,,
7.69115,\n,,
7.748049,S,,
7.748307,W,,
7.748566,D,,
7.748825,R,,
7.749084,8,,
7.749343,1,,
7.749602,0,,
7.749861,1,,
7.75012,0,,
7.750379,0,,
7.750638,\r,,
7.750896,\n,,
7.758007,S,,
7.758265,W,,
7.758524,D,,
7.758783,R,,
7.759042,8,,
7.759301,2,,
7.75956,0,,
7.759819,1,,
7.760078,0,,
7.760337,0,,
7.760596,\r,,
7.760855,\n,,
7.767963,S,,
7.768222,W,,
7.768481,D,,
7.76874,R,,
7.768999,8,,
7.769258,1,,
7.769516,0,,
7.769775,1,,
7.770034,0,,
7.770293,0,,
7.770552,\r,,
7.770811,\n,,
7.777924,S,,
7.778183,W,,
7.778442,D,,
7.778701,R,,
7.77896,8,,
7.779219,2,,
7.779478,0,,
7.779737,1,,
7.779995,0,,
7.780254,0,,
7.780513,\r,,
7.780772,\n,,
7.797837,S,,
7.798096,W,,
7.798355,D,,
7.798614,R,,
7.798873,8,,
7.799132,1,,
7.79939,0,,
7.799649,1,,
7.799908,0,,
7.800167,0,,
7.800426,\r,,
7.800685,\n,,
7.807795,S,,
7.808054,W,,
7.808313,D,,
7.808572,R,,
7.80883,8,,
7.809089,2,,
7.809348,0,,
7.809607,1,,
7.809866,0,,
7.810125,0,,
7.810384,\r,,
7.810643,\n,,
7.837698,S,,
7.837957,W,,
7.838216,D,,
7.838475,R,,
7.838734,8,,
7.838993,1,,
7.839252,0,,
7.839511,1,,
7.839769,0,,
7.840028,0,,
7.840287,\r,,
7.840546,\n,,
7.847658,S,,
7.847917,W,,
7.848175,D,,
7.848435,R,,
7.848694,8,,
7.848952,2,,
7.849211,0,,
7.84947,1,,
7.849729,0,,
7.849988,0,,
7.850247,\r,,
7.850506,\n,,
7.867567,S,,
7.867826,W,,
7.868085,D,,
7.868344,R,,
7.868603,8,,
7.868862,1,,
7.869121,0,,
7.86938,1,,
7.869639,0,,
7.869898,0,,
7.870156,\r,,
7.870415,\n,,
7.877525,S,,
7.877784,W,,
7.878043,D,,
7.878302,R,,
7.878561,8,,
7.87882,2,,
7.879079,0,,
7.879338,1,,
7.879597,0,,
7.879856,0,,
7.880115,\r,,
7.880373,\n,,
7.937249,S,,
7.937508,W,,
7.937767,D,,
7.938026,R,,
7.938285,8,,
7.938544,1,,
7.938803,0,,
7.939062,1,,
7.939321,0,,
7.93958,0,,
7.939839,\r,,
7.940098,\n,,
7.947236,S,,
7.947495,W,,
7.947755,D,,
7.948013,R,,
7.948272,8,,
7.948531,2,,
7.94879,0,,
7.949049,1,,
7.949308,0,,
7.949567,0,,
7.949826,\r,,
7.950085,\n,,
7.967145,S,,
7.967403,W,,
7.967662,D,,
7.967921,R,,
7.96818,8,,
7.968439,1,,
7.968698,0,,
7.968957,1,,
7.969216,0,,
7.969475,0,,
7.969734,\r,,
7.969992,\n,,
7.977077,S,,
7.977336,W,,
7.977594,D,,
7.977853,R,,
7.978112,8,,
7.978371,2,,
7.97863,0,,
7.978889,1,,
7.979148,0,,
7.979407,0,,
7.979666,\r,,
7.979925,\n,,
7.987054,S,,
7.987313,W,,
7.987572,D,,
7.987831,R,,
7.98809,8,,
7.988349,1,,
7.988608,0,,
7.988866,1,,
7.989125,0,,
7.989384,0,,
7.989643,\r,,
7.989902,\n,,
7.997019,S,,
7.997278,W,,
7.997536,D,,
7.997795,R,,
7.998054,8,,
7.998313,2,,
7.998572,0,,
7.998831,1,,
7.99909,0,,
7.999349,0,,
7.999608,\r,,
7.999867,\n,,
8.016915,S,,
8.017174,W,,
8.017433,D,,
8.017692,R,,
8.017951,8,,
8.01821,1,,
8.018469,0,,
8.018728,1,,
8.018986,0,,
8.019245,0,,
8.019504,\r,,
8.019763,\n,,
8.026865,S,,
8.027124,W,,
8.027383,D,,
8.027642,R,,
8.027901,8,,
8.02816,2,,
8.028419,0,,
8.028678,1,,
8.028937,0,,
8.029195,0,,
8.029454,\r,,
8.029713,\n,,
8.046781,S,,
8.04704,W,,
8.047299,D,,
8.047558,R,,
8.047817,8,,
8.048076,1,,
8.048334,0,,
8.048593,1,,
8.048852,0,,
8.049111,0,,
8.04937,\r,,
8.049629,\n,,
8.056765,S,,
8.057024,W,,
8.057283,D,,
8.057542,R,,
8.057801,8,,
8.05806,2,,
8.058318,0,,
8.058577,1,,
8.058836,0,,
8.059095,0,,
8.059354,\r,,
8.059613,\n,,
8.146373,S,,
8.146631,W,,
8.14689,D,,
8.147149,R,,
8.147408,8,,
8.147667,3,,
8.147926,0,,
8.148185,1,,
8.148444,0,,
8.148703,0,,
8.148962,\r,,
8.14922,\n,,
8.156316,S,,
8.156575,W,,
8.156834,D,,
8.157093,R,,
8.157352,8,,
8.157611,2,,
8.157869,0,,
8.158129,1,,
8.158387,0,,
8.158646,0,,
8.158905,\r,,
8.159164,\n,,
8.206105,S,,
8.206363,W,,
8.206622,D,,
8.206881,R,,
8.20714,8,,
8.207399,1,,
8.207658,0,,
8.207917,1,,
8.208176,0,,
8.208435,0,,
8.208694,\r,,
8.208952,\n,,
8.216087,S,,
8.216345,W,,
8.216605,D,,
8.216864,R,,
8.217122,8,,
8.217381,2,,
8.21764,0,,
8.217899,1,,
8.218158,0,,
8.218417,0,,
8.218676,\r,,
8.218935,\n,,
8.226017,S,,
8.226276,W,,
8.226535,D,,
8.226794,R,,
8.227053,8,,
8.227312,1,,
8.227571,0,,
8.22783,1,,
8.228089,0,,
8.228348,0,,
8.228606,\r,,
8.228865,\n,,
8.235979,S,,
8.236238,W,,
8.236496,D,,
8.236755,R,,
8.237015,8,,
8.237273,2,,
8.237532,0,,
8.237791,1,,
8.23805,0,,
8.238309,0,,
8.238568,\r,,
8.238827,\n,,
8.255917,S,,
8.256176,W,,
8.256435,D,,
8.256694,R,,
8.256953,8,,
8.257212,1,,
8.257471,0,,
8.25773,1,,
8.257989,0,,
8.258248,0,,
8.258506,\r,,
8.258765,\n,,
8.265871,S,,
8.266129,W,,
8.266388,D,,
8.266647,R,,
8.266906,8,,
8.267165,2,,
8.267424,0,,
8.267683,1,,
8.267942,0,,
8.268201,0,,
8.26846,\r,,
8.268719,\n,,
8.29574,S,,
8.295999,W,,
8.296258,D,,
8.296517,R,,
8.296775,8,,
8.297034,1,,
8.297293,0,,
8.297552,1,,
8.297811,0,,
8.29807,0,,
8.298329,\r,,
8.298588,\n,,
8.305679,S,,
8.305938,W,,
8.306196,D,,
8.306455,R,,
8.306714,8,,
8.306973,2,,
8.307232,0,,
8.307491,1,,
8.30775,0,,
8.308009,0,,
8.308267,\r,,
8.308526,\n,,
8.385318,S,,
8.385577,W,,
8.385836,D,,
8.386095,R,,
8.386354,8,,
8.386613,1,,
8.386872,0,,
8.387131,1,,
8.387389,0,,
8.387648,0,,
8.387907,\r,,
8.388166,\n,,
8.395278,S,,
8.395537,W,,
8.395796,D,,
8.396055,R,,
8.396314,8,,
8.396573,2,,
8.396831,0,,
8.39709,1,,
8.397349,0,,
8.397608,0,,
8.397867,\r,,
8.398126,\n,,
8.415192,S,,
8.415451,W,,
8.41571,D,,
8.415969,R,,
8.416228,8,,
8.416487,1,,
8.416746,0,,
8.417005,1,,
8.417263,0,,
8.417522,0,,
8.417781,\r,,
8.41804,\n,,
8.42515,S,,
8.425409,W,,
8.425668,D,,
8.425927,R,,
8.426186,8,,
8.426445,2,,
8.426703,0,,
8.426963,1,,
8.427222,0,,
8.427481,0,,
8.427739,\r,,
8.427998,\n,,
8.494858,S,,
8.495117,W,,
8.495376,D,,
8.495635,R,,
8.495894,8,,
8.496153,1,,
8.496412,0,,
8.49667,1,,
8.496929,0,,
8.497188,0,,
8.497447,\r,,
8.497706,\n,,
8.504819,S,,
8.505078,W,,
8.505338,D,,
8.505597,R,,
8.505856,8,,
8.506114,2,,
8.506373,0,,
8.506632,1,,
8.506891,0,,
8.50715,0,,
8.507408,\r,,
8.507667,\n,,
8.524727,S,,
8.524986,W,,
8.525245,D,,
8.525504,R,,
8.525763,8,,
8.526022,1,,
8.526281,0,,
8.52654,1,,
8.526799,0,,
8.527057,0,,
8.527316,\r,,
8.527575,\n,,
8.534685,S,,
8.534944,W,,
8.535203,D,,
8.535462,R,,
8.535721,8,,
8.53598,2,,
8.536239,0,,
8.536498,1,,
8.536757,0,,
8.537015,0,,
8.537274,\r,,
8.537533,\n,,
8.634351,S,,
8.63461,W,,
8.634869,D,,
8.635128,R,,
8.635387,8,,
8.635646,1,,
8.635905,0,,
8.636164,1,,
8.636422,0,,
8.636681,0,,
8.63694,\r,,
8.637199,\n,,
8.644395,S,,
8.644654,W,,
8.644913,D,,
8.645172,R,,
8.645431,8,,
8.64569,2,,
8.645949,0,,
8.646208,1,,
8.646466,0,,
8.646726,0,,
8.646984,\r,,
8.647244,\n,,
8.664322,S,,
8.664581,W,,
8.66484,D,,
8.665099,R,,
8.665358,8,,
8.665617,1,,
8.665876,0,,
8.666135,1,,
8.666394,0,,
8.666653,0,,
8.666911,\r,,
8.66717,\n,,
8.67428,S,,
8.674539,W,,
8.674798,D,,
8.675057,R,,
8.675316,8,,
8.675575,2,,
8.675834,0,,
8.676093,1,,
8.676352,0,,
8.676611,0,,
8.676869,\r,,
8.677128,\n,,
8.734064,S,,
8.734323,W,,
8.734582,D,,
8.734841,R,,
8.7351,8,,
8.735359,3,,
8.735618,0,,
8.735876,1,,
8.736135,0,,
8.736394,0,,
8.736653,\r,,
8.736912,\n,,
8.743825,S,,
8.744084,W,,
8.744343,D,,
8.744601,R,,
8.74486,8,,
8.745119,2,,
8.745378,0,,
8.745637,1,,
8.745896,0,,
8.746155,0,,
8.746414,\r,,
8.746673,\n,,
8.793613,S,,
8.793872,W,,
8.794131,D,,
8.79439,R,,
8.794649,8,,
8.794908,3,,
8.795167,0,,
8.795425,1,,
8.795684,0,,
8.795943,0,,
8.796202,\r,,
8.796461,\n,,
8.803571,S,,
8.80383,W,,
8.804089,D,,
8.804348,R,,
8.804607,8,,
8.804866,2,,
8.805125,0,,
8.805383,1,,
8.805642,0,,
8.805901,0,,
8.80616,\r,,
8.806419,\n,,
8.843406,S,,
8.843665,W,,
8.843924,D,,
8.844183,R,,
8.844442,8,,
8.844701,1,,
8.84496,0,,
8.845219,1,,
8.845478,0,,
8.845736,0,,
8.845995,\r,,
8.846254,\n,,
8.853392,S,,
8.853651,W,,
8.85391,D,,
8.854169,R,,
8.854427,8,,
8.854686,2,,
8.854945,0,,
8.855204,1,,
8.855463,0,,
8.855722,0,,
8.855981,\r,,
8.85624,\n,,
8.863345,S,,
8.863604,W,,
8.863863,D,,
8.864122,R,,
8.864381,8,,
8.86464,1,,
8.864899,0,,
8.865157,1,,
8.865416,0,,
8.865676,0,,
8.865935,\r,,
8.866194,\n,,
8.873287,S,,
8.873546,W,,
8.873805,D,,
8.874064,R,,
8.874323,8,,
8.874581,2,,
8.87484,0,,
8.875099,1,,
8.875358,0,,
8.875617,0,,
8.875876,\r,,
8.876135,\n,,
8.883235,S,,
8.883494,W,,
8.883753,D,,
8.884012,R,,
8.884271,8,,
8.88453,1,,
8.884789,0,,
8.885048,1,,
8.885306,0,,
8.885565,0,,
8.885824,\r,,
8.886083,\n,,
8.91311,S,,
8.91337,W,,
8.913629,D,,
8.913888,R,,
8.914146,8,,
8.914405,2,,
8.914664,0,,
8.914923,1,,
8.915182,0,,
8.915441,0,,
8.9157,\r,,
8.915959,\n,,
8.92307,S,,
8.923329,W,,
8.923588,D,,
8.923847,R,,
8.924106,8,,
8.924365,1,,
8.924624,0,,
8.924883,1,,
8.925142,0,,
8.925401,0,,
8.92566,\r,,
8.925918,\n,,
8.933024,S,,
8.933283,W,,
8.933542,D,,
8.9338,R,,
8.93406,8,,
8.934318,2,,
8.934577,0,,
8.934836,1,,
8.935095,0,,
8.935354,0,,
8.935613,\r,,
8.935872,\n,,
9.012698,S,,
9.012956,W,,
9.013215,D,,
9.013474,R,,
9.013733,8,,
9.013992,1,,
9.014251,0,,
9.01451,1,,
9.014769,0,,
9.015028,0,,
9.015287,\r,,
9.015546,\n,,
9.022643,S,,
9.022902,W,,
9.02316,D,,
9.023419,R,,
9.023678,8,,
9.023937,2,,
9.024196,0,,
9.024455,1,,
9.024714,0,,
9.024973,0,,
9.025232,\r,,
9.025491,\n,,
9.042564,S,,
9.042822,W,,
9.043081,D,,
9.04334,R,,
9.043599,8,,
9.043858,3,,
9.044117,0,,
9.044376,1,,
9.044635,0,,
9.044894,0,,
9.045153,\r,,
9.045412,\n,,
9.052533,S,,
9.052792,W,,
9.053051,D,,
9.05331,R,,
9.053569,8,,
9.053827,2,,
9.054086,0,,
9.054345,1,,
9.054604,0,,
9.054863,0,,
9.055122,\r,,
9.055381,\n,,
9.072438,S,,
9.072697,W,,
9.072955,D,,
9.073214,R,,
9.073473,8,,
9.073732,3,,
9.073991,0,,
9.07425,1,,
9.074509,0,,
9.074768,0,,
9.075027,\r,,
9.075286,\n,,
9.082415,S,,
9.082675,W,,
9.082933,D,,
9.083192,R,,
9.083451,8,,
9.08371,2,,
9.083969,0,,
9.084227,1,,
9.084486,0,,
9.084745,0,,
9.085004,\r,,
9.085263,\n,,
9.102331,S,,
9.10259,W,,
9.102849,D,,
9.103108,R,,
9.103367,8,,
9.103626,3,,
9.103885,0,,
9.104143,1,,
9.104402,0,,
9.104661,0,,
9.10492,\r,,
9.105179,\n,,
9.112263,S,,
9.112522,W,,
9.112781,D,,
9.11304,R,,
9.113299,8,,
9.113559,2,,
9.113817,0,,
9.114076,1,,
9.114335,0,,
9.114593,0,,
9.114852,\r,,
9.115111,\n,,
9.12222,S,,
9.122479,W,,
9.122738,D,,
9.122996,R,,
9.123255,8,,
9.123514,1,,
9.123773,0,,
9.124032,1,,
9.124291,0,,
9.12455,0,,
9.124809,\r,,
9.125068,\n,,
9.132178,S,,
9.132437,W,,
9.132695,D,,
9.132955,R,,
9.133213,8,,
9.133473,2,,
9.133731,0,,
9.13399,1,,
9.134249,0,,
9.134508,0,,
9.134767,\r,,
9.135026,\n,,
9.152113,S,,
9.152372,W,,
9.152631,D,,
9.15289,R,,
9.153149,8,,
9.153408,1,,
9.153667,0,,
9.153926,1,,
9.154184,0,,
9.154443,0,,
9.154702,\r,,
9.154961,\n,,
9.162052,S,,
9.162311,W,,
9.16257,D,,
9.162829,R,,
9.163087,8,,
9.163346,2,,
9.163605,0,,
9.163864,1,,
9.164123,0,,
9.164382,0,,
9.164641,\r,,
9.1649,\n,,
9.17201,S,,
9.172269,W,,
9.172528,D,,
9.172787,R,,
9.173045,8,,
9.173304,1,,
9.173564,0,,
9.173822,1,,
9.174081,0,,
9.17434,0,,
9.174599,\r,,
9.174858,\n,,
9.181968,S,,
9.182227,W,,
9.182486,D,,
9.182745,R,,
9.183003,8,,
9.183262,2,,
9.183521,0,,
9.18378,1,,
9.184039,0,,
9.184298,0,,
9.184557,\r,,
9.184816,\n,,
9.231757,S,,
9.232015,W,,
9.232274,D,,
9.232533,R,,
9.232792,8,,
9.233051,3,,
9.23331,0,,
9.233569,1,,
9.233828,0,,
9.234086,0,,
9.234345,\r,,
9.234604,\n,,
9.241739,S,,
9.241997,W,,
9.242256,D,,
9.242515,R,,
9.242774,8,,
9.243033,2,,
9.243292,0,,
9.243551,1,,
9.24381,0,,
9.244069,0,,
9.244328,\r,,
9.244587,\n,,
9.371169,S,,
9.371428,W,,
9.371687,D,,
9.371946,R,,
9.372205,8,,
9.372463,1,,
9.372722,0,,
9.372981,1,,
9.37324,0,,
9.373499,0,,
9.373758,\r,,
9.374017,\n,,
9.38113,S,,
9.381389,W,,
9.381648,D,,
9.381907,R,,
9.382166,8,,
9.382425,2,,
9.382683,0,,
9.382942,1,,
9.383201,0,,
9.38346,0,,
9.383719,\r,,
9.383978,\n,,
9.39108,S,,
9.391339,W,,
9.391598,D,,
9.391857,R,,
9.392116,8,,
9.392374,1,,
9.392633,0,,
9.392892,1,,
9.393151,0,,
9.39341,0,,
9.393669,\r,,
9.393928,\n,,
9.410996,S,,
9.411255,W,,
9.411514,D,,
9.411773,R,,
9.412032,8,,
9.412291,2,,
9.412549,0,,
9.412808,1,,
9.413067,0,,
9.413326,0,,
9.413585,\r,,
9.413844,\n,,
9.42098,S,,
9.421239,W,,
9.421498,D,,
9.421757,R,,
9.422015,8,,
9.422274,1,,
9.422533,0,,
9.422792,1,,
9.423051,0,,
9.42331,0,,
9.423569,\r,,
9.423828,\n,,
9.440896,S,,
9.441155,W,,
9.441414,D,,
9.441673,R,,
9.441931,8,,
9.44219,2,,
9.44245,0,,
9.442708,1,,
9.442967,0,,
9.443226,0,,
9.443485,\r,,
9.443744,\n,,
9.450827,S,,
9.451085,W,,
9.451344,D,,
9.451603,R,,
9.451862,8,,
9.452121,1,,
9.45238,0,,
9.452639,1,,
9.452897,0,,
9.453157,0,,
9.453416,\r,,
9.453674,\n,,
9.460786,S,,
9.461045,W,,
9.461304,D,,
9.461563,R,,
9.461822,8,,
9.462081,2,,
9.46234,0,,
9.462599,1,,
9.462857,0,,
9.463116,0,,
9.463375,\r,,
9.463634,\n,,
9.540473,S,,
9.540732,W,,
9.540991,D,,
9.54125,R,,
9.541509,8,,
9.541768,1,,
9.542026,0,,
9.542285,1,,
9.542544,0,,
9.542803,0,,
9.543062,\r,,
9.543321,\n,,
9.550431,S,,
9.55069,W,,
9.550949,D,,
9.551208,R,,
9.551467,8,,
9.551726,2,,
9.551984,0,,
9.552243,1,,
9.552502,0,,
9.552761,0,,
9.55302,\r,,
9.553279,\n,,
9.570321,S,,
9.57058,W,,
9.570839,D,,
9.571098,R,,
9.571357,8,,
9.571616,1,,
9.571875,0,,
9.572134,1,,
9.572392,0,,
9.572651,0,,
9.57291,\r,,
9.573169,\n,,
9.580278,S,,
9.580537,W,,
9.580795,D,,
9.581054,R,,
9.581313,8,,
9.581572,2,,
9.581831,0,,
9.58209,1,,
9.582349,0,,
9.582608,0,,
9.582867,\r,,
9.583126,\n,,
9.659973,S,,
9.660232,W,,
9.66049,D,,
9.660749,R,,
9.661008,8,,
9.661267,1,,
9.661526,0,,
9.661785,1,,
9.662044,0,,
9.662303,0,,
9.662562,\r,,
9.662821,\n,,
9.66991,S,,
9.670169,W,,
9.670427,D,,
9.670686,R,,
9.670945,8,,
9.671204,2,,
9.671463,0,,
9.671722,1,,
9.671981,0,,
9.67224,0,,
9.672499,\r,,
9.672758,\n,,
9.679882,S,,
9.680141,W,,
9.6804,D,,
9.680659,R,,
9.680918,8,,
9.681177,1,,
9.681436,0,,
9.681694,1,,
9.681953,0,,
9.682212,0,,
9.682471,\r,,
9.68273,\n,,
9.689815,S,,
9.690073,W,,
9.690333,D,,
9.690592,R,,
9.69085,8,,
9.691109,2,,
9.691368,0,,
9.691627,1,,
9.691886,0,,
9.692144,0,,
9.692403,\r,,
9.692662,\n,,
9.699771,S,,
9.70003,W,,
9.700288,D,,
9.700547,R,,
9.700806,8,,
9.701065,1,,
9.701324,0,,
9.701583,1,,
9.701842,0,,
9.702101,0,,
9.70236,\r,,
9.702619,\n,,
9.70974,S,,
9.709999,W,,
9.710258,D,,
9.710517,R,,
9.710776,8,,
9.711035,2,,
9.711294,0,,
9.711552,1,,
9.711811,0,,
9.71207,0,,
9.712329,\r,,
9.712588,\n,,
9.7197,S,,
9.719959,W,,
9.720218,D,,
9.720476,R,,
9.720735,8,,
9.720994,1,,
9.721253,0,,
9.721512,1,,
9.721771,0,,
9.72203,0,,
9.722289,\r,,
9.722548,\n,,
9.729672,S,,
9.729931,W,,
9.73019,D,,
9.730449,R,,
9.730708,8,,
9.730967,2,,
9.731226,0,,
9.731485,1,,
9.731744,0,,
9.732002,0,,
9.732261,\r,,
9.73252,\n,,
9.739629,S,,
9.739888,W,,
9.740147,D,,
9.740405,R,,
9.740664,8,,
9.740923,1,,
9.741182,0,,
9.741441,1,,
9.7417,0,,
9.741959,0,,
9.742218,\r,,
9.742477,\n,,
9.749561,S,,
9.74982,W,,
9.750079,D,,
9.750337,R,,
9.750596,8,,
9.750855,2,,
9.751114,0,,
9.751373,1,,
9.751631,0,,
9.751891,0,,
9.75215,\r,,
9.752409,\n,,
9.759519,S,,
9.759778,W,,
9.760037,D,,
9.760296,R,,
9.760554,8,,
9.760813,3,,
9.761072,0,,
9.761331,1,,
9.76159,0,,
9.761849,0,,
9.762108,\r,,
9.762367,\n,,
9.769477,S,,
9.769736,W,,
9.769995,D,,
9.770254,R,,
9.770512,8,,
9.770771,2,,
9.77103,0,,
9.771289,1,,
9.771548,0,,
9.771807,0,,
9.772066,\r,,
9.772325,\n,,
9.789391,S,,
9.78965,W,,
9.789909,D,,
9.790168,R,,
9.790427,8,,
9.790686,3,,
9.790945,0,,
9.791204,1,,
9.791463,0,,
9.791721,0,,
9.79198,\r,,
9.792239,\n,,
9.799349,S,,
9.799608,W,,
9.799867,D,,
9.800126,R,,
9.800385,8,,
9.800644,2,,
9.800903,0,,
9.801162,1,,
9.801421,0,,
9.801679,0,,
9.801938,\r,,
9.802197,\n,,
9.819291,S,,
9.81955,W,,
9.819809,D,,
9.820068,R,,
9.820327,8,,
9.820586,1,,
9.820845,0,,
9.821104,1,,
9.821363,0,,
9.821621,0,,
9.82188,\r,,
9.822139,\n,,
9.829249,S,,
9.829508,W,,
9.829767,D,,
9.830026,R,,
9.830285,8,,
9.830544,2,,
9.830803,0,,
9.831062,1,,
9.831321,0,,
9.831579,0,,
9.831838,\r,,
9.832097,\n,,
9.849138,S,,
9.849397,W,,
9.849656,D,,
9.849915,R,,
9.850174,8,,
9.850432,1,,
9.850691,0,,
9.85095,1,,
9.851209,0,,
9.851469,0,,
9.851728,\r,,
9.851987,\n,,
9.859096,S,,
9.859355,W,,
9.859614,D,,
9.859873,R,,
9.860132,8,,
9.860391,2,,
9.860649,0,,
9.860908,1,,
9.861167,0,,
9.861426,0,,
9.861685,\r,,
9.861944,\n,,
9.88898,S,,
9.889239,W,,
9.889498,D,,
9.889757,R,,
9.890015,8,,
9.890274,1,,
9.890533,0,,
9.890792,1,,
9.891051,0,,
9.89131,0,,
9.891569,\r,,
9.891828,\n,,
9.898965,S,,
9.899224,W,,
9.899483,D,,
9.899742,R,,
9.900001,8,,
9.90026,2,,
9.900519,0,,
9.900778,1,,
9.901037,0,,
9.901295,0,,
9.901554,\r,,
9.901813,\n,,
9.948717,S,,
9.948976,W,,
9.949235,D,,
9.949493,R,,
9.949752,8,,
9.950011,1,,
9.95027,0,,
9.950529,1,,
9.950788,0,,
9.951047,0,,
9.951306,\r,,
9.951565,\n,,
9.968631,S,,
9.96889,W,,
9.969149,D,,
9.969408,R,,
9.969667,8,,
9.969926,2,,
9.970185,0,,
9.970443,1,,
9.970702,0,,
9.970961,0,,
9.97122,\r,,
9.971479,\n,,
9.978617,S,,
9.978876,W,,
9.979134,D,,
9.979393,R,,
9.979652,8,,
9.979911,1,,
9.98017,0,,
9.980429,1,,
9.980688,0,,
9.980947,0,,
9.981206,\r,,
9.981465,\n,,
9.998508,S,,
9.998767,W,,
9.999026,D,,
9.999285,R,,
9.999544,8,,
9.999803,2,,
10.000062,0,,
10.000321,1,,
10.00058,0,,
10.000839,0,,
10.001098,\r,,
10.001356,\n,,
10.008463,S,,
10.008722,W,,
10.008981,D,,
10.00924,R,,
10.009499,8,,
10.009758,1,,
10.010017,0,,
10.010276,1,,
10.010535,0,,
10.010793,0,,
10.011052,\r,,
10.011311,\n,,
