Time [s],Value,Parity Error,Framing Error
0.089395,S,,
0.089654,W,,
0.089913,D,,
0.090172,R,,
0.090431,7,,
0.090689,F,,
0.090948,0,,
0.091207,1,,
0.091466,0,,
0.091725,0,,
0.091984,\r,,
0.092243,\n,,
0.099379,S,,
0.099638,W,,
0.099897,D,,
0.100155,R,,
0.100414,8,,
0.100673,0,,
0.100932,0,,
0.101191,1,,
0.10145,0,,
0.101709,0,,
0.101968,\r,,
0.102227,\n,,
0.139183,S,,
0.139442,W,,
0.139701,D,,
0.13996,R,,
0.140219,7,,
0.140478,F,,
0.140737,0,,
0.140996,1,,
0.141254,0,,
0.141513,0,,
0.141772,\r,,
0.142031,\n,,
0.149193,S,,
0.149452,W,,
0.149711,D,,
0.14997,R,,
0.150229,8,,
0.150488,0,,
0.150746,0,,
0.151005,1,,
0.151264,0,,
0.151523,0,,
0.151782,\r,,
0.152041,\n,,
0.159099,S,,
0.159358,W,,
0.159617,D,,
0.159876,R,,
0.160135,7,,
0.160394,F,,
0.160653,0,,
0.160912,1,,
0.161171,0,,
0.161429,0,,
0.161688,\r,,
0.161947,\n,,
0.169083,S,,
0.169342,W,,
0.169601,D,,
0.16986,R,,
0.170119,8,,
0.170378,0,,
0.170637,0,,
0.170896,1,,
0.171154,0,,
0.171413,0,,
0.171672,\r,,
0.171931,\n,,
0.179014,S,,
0.179273,W,,
0.179531,D,,
0.17979,R,,
0.180049,7,,
0.180308,F,,
0.180567,0,,
0.180826,1,,
0.181085,0,,
0.181344,0,,
0.181603,\r,,
0.181862,\n,,
0.238786,S,,
0.239045,W,,
0.239303,D,,
0.239562,R,,
0.239821,7,,
0.24008,E,,
0.240339,0,,
0.240598,1,,
0.240857,0,,
0.241116,0,,
0.241375,\r,,
0.241634,\n,,
0.24877,S,,
0.249029,W,,
0.249288,D,,
0.249547,R,,
0.249806,7,,
0.250064,F,,
0.250323,0,,
0.250582,1,,
0.250841,0,,
0.2511,0,,
0.251359,\r,,
0.251618,\n,,
0.258701,S,,
0.258961,W,,
0.25922,D,,
0.259479,R,,
0.259738,7,,
0.259997,E,,
0.260255,0,,
0.260514,1,,
0.260773,0,,
0.261032,0,,
0.261291,\r,,
0.26155,\n,,
0.26866,S,,
0.268919,W,,
0.269178,D,,
0.269437,R,,
0.269696,7,,
0.269955,F,,
0.270213,0,,
0.270472,1,,
0.270731,0,,
0.27099,0,,
0.271249,\r,,
0.271508,\n,,
0.278616,S,,
0.278875,W,,
0.279134,D,,
0.279393,R,,
0.279652,7,,
0.279911,E,,
0.28017,0,,
0.280429,1,,
0.280688,0,,
0.280947,0,,
0.281205,\r,,
0.281464,\n,,
0.288574,S,,
0.288833,W,,
0.289092,D,,
0.289351,R,,
0.28961,7,,
0.289869,F,,
0.290128,0,,
0.290387,1,,
0.290646,0,,
0.290905,0,,
0.291164,\r,,
0.291422,\n,,
0.29856,S,,
0.298819,W,,
0.299078,D,,
0.299337,R,,
0.299596,7,,
0.299855,E,,
0.300113,0,,
0.300372,1,,
0.300631,0,,
0.30089,0,,
0.301149,\r,,
0.301408,\n,,
0.318449,S,,
0.318707,W,,
0.318966,D,,
0.319225,R,,
0.319484,7,,
0.319743,F,,
0.320002,0,,
0.32026,1,,
0.320521,0,,
0.320779,0,,
0.321038,\r,,
0.321296,\n,,
0.328407,S,,
0.328666,W,,
0.328925,D,,
0.329184,R,,
0.329443,7,,
0.329701,E,,
0.32996,0,,
0.330219,1,,
0.330478,0,,
0.330737,0,,
0.330996,\r,,
0.331255,\n,,
0.33839,S,,
0.338649,W,,
0.338908,D,,
0.339167,R,,
0.339426,7,,
0.339685,F,,
0.339944,0,,
0.340202,1,,
0.340462,0,,
0.340721,0,,
0.34098,\r,,
0.341238,\n,,
0.348323,S,,
0.348582,W,,
0.34884,D,,
0.349099,R,,
0.349358,7,,
0.349617,E,,
0.349876,0,,
0.350135,1,,
0.350394,0,,
0.350653,0,,
0.350912,\r,,
0.35117,\n,,
0.358281,S,,
0.35854,W,,
0.358798,D,,
0.359057,R,,
0.359316,7,,
0.359575,F,,
0.359834,0,,
0.360093,1,,
0.360352,0,,
0.360611,0,,
0.36087,\r,,
0.361129,\n,,
0.4479,S,,
0.448159,W,,
0.448417,D,,
0.448676,R,,
0.448935,7,,
0.449194,E,,
0.449453,0,,
0.449712,1,,
0.449971,0,,
0.450229,0,,
0.450488,\r,,
0.450747,\n,,
0.457884,S,,
0.458142,W,,
0.458401,D,,
0.45866,R,,
0.458919,7,,
0.459178,F,,
0.459437,0,,
0.459696,1,,
0.459955,0,,
0.460214,0,,
0.460472,\r,,
0.460731,\n,,
0.467814,S,,
0.468073,W,,
0.468332,D,,
0.468591,R,,
0.46885,7,,
0.469109,E,,
0.469368,0,,
0.469626,1,,
0.469885,0,,
0.470144,0,,
0.470403,\r,,
0.470662,\n,,
0.587306,S,,
0.587565,W,,
0.587823,D,,
0.588083,R,,
0.588341,7,,
0.5886,F,,
0.588859,0,,
0.589118,1,,
0.589377,0,,
0.589636,0,,
0.589895,\r,,
0.590153,\n,,
0.597262,S,,
0.597521,W,,
0.59778,D,,
0.598039,R,,
0.598298,7,,
0.598557,E,,
0.598815,0,,
0.599074,1,,
0.599333,0,,
0.599592,0,,
0.599851,\r,,
0.60011,\n,,
0.60722,S,,
0.607479,W,,
0.607738,D,,
0.607997,R,,
0.608256,7,,
0.608514,F,,
0.608773,0,,
0.609032,1,,
0.609291,0,,
0.60955,0,,
0.609809,\r,,
0.610068,\n,,
0.627135,S,,
0.627393,W,,
0.627652,D,,
0.627911,R,,
0.62817,7,,
0.628429,E,,
0.628688,0,,
0.628947,1,,
0.629206,0,,
0.629465,0,,
0.629724,\r,,
0.629982,\n,,
0.637092,S,,
0.637351,W,,
0.63761,D,,
0.637869,R,,
0.638128,7,,
0.638387,F,,
0.638646,0,,
0.638905,1,,
0.639163,0,,
0.639423,0,,
0.639682,\r,,
0.63994,\n,,
0.647051,S,,
0.647309,W,,
0.647568,D,,
0.647827,R,,
0.648086,7,,
0.648345,E,,
0.648604,0,,
0.648863,1,,
0.649122,0,,
0.649381,0,,
0.649639,\r,,
0.649898,\n,,
0.657009,S,,
0.657267,W,,
0.657526,D,,
0.657785,R,,
0.658044,7,,
0.658303,F,,
0.658562,0,,
0.65882,1,,
0.65908,0,,
0.659339,0,,
0.659598,\r,,
0.659856,\n,,
0.666965,S,,
0.667224,W,,
0.667483,D,,
0.667742,R,,
0.668001,7,,
0.668259,E,,
0.668518,0,,
0.668777,1,,
0.669036,0,,
0.669295,0,,
0.669554,\r,,
0.669813,\n,,
0.676902,S,,
0.677161,W,,
0.67742,D,,
0.677679,R,,
0.677938,7,,
0.678197,F,,
0.678455,0,,
0.678715,1,,
0.678974,0,,
0.679233,0,,
0.679491,\r,,
0.67975,\n,,
0.68686,S,,
0.687119,W,,
0.687378,D,,
0.687637,R,,
0.687896,7,,
0.688154,E,,
0.688413,0,,
0.688672,1,,
0.688931,0,,
0.68919,0,,
0.689449,\r,,
0.689708,\n,,
0.736648,S,,
0.736907,W,,
0.737166,D,,
0.737425,R,,
0.737684,7,,
0.737943,D,,
0.738202,0,,
0.738461,1,,
0.73872,0,,
0.738978,0,,
0.739237,\r,,
0.739496,\n,,
0.746606,S,,
0.746865,W,,
0.747124,D,,
0.747383,R,,
0.747642,7,,
0.747901,E,,
0.74816,0,,
0.748419,1,,
0.748678,0,,
0.748937,0,,
0.749195,\r,,
0.749454,\n,,
0.756566,S,,
0.756825,W,,
0.757084,D,,
0.757343,R,,
0.757602,7,,
0.757861,D,,
0.758119,0,,
0.758378,1,,
0.758637,0,,
0.758896,0,,
0.759155,\r,,
0.759414,\n,,
0.766534,S,,
0.766793,W,,
0.767052,D,,
0.76731,R,,
0.767569,7,,
0.767828,E,,
0.768087,0,,
0.768346,1,,
0.768605,0,,
0.768865,0,,
0.769124,\r,,
0.769382,\n,,
0.77648,S,,
0.776739,W,,
0.776998,D,,
0.777257,R,,
0.777516,7,,
0.777775,D,,
0.778034,0,,
0.778293,1,,
0.778552,0,,
0.778811,0,,
0.779069,\r,,
0.779328,\n,,
0.7964,S,,
0.796658,W,,
0.796917,D,,
0.797177,R,,
0.797435,7,,
0.797694,E,,
0.797953,0,,
0.798212,1,,
0.798471,0,,
0.79873,0,,
0.798989,\r,,
0.799248,\n,,
0.806371,S,,
0.80663,W,,
0.806888,D,,
0.807147,R,,
0.807406,7,,
0.807665,D,,
0.807924,0,,
0.808183,1,,
0.808442,0,,
0.808701,0,,
0.80896,\r,,
0.809219,\n,,
0.816314,S,,
0.816573,W,,
0.816832,D,,
0.817091,R,,
0.81735,7,,
0.817609,E,,
0.817868,0,,
0.818126,1,,
0.818385,0,,
0.818644,0,,
0.818903,\r,,
0.819162,\n,,
0.856143,S,,
0.856402,W,,
0.856661,D,,
0.85692,R,,
0.857179,7,,
0.857437,F,,
0.857696,0,,
0.857955,1,,
0.858214,0,,
0.858473,0,,
0.858732,\r,,
0.858991,\n,,
0.866101,S,,
0.86636,W,,
0.866619,D,,
0.866878,R,,
0.867137,7,,
0.867395,E,,
0.867654,0,,
0.867913,1,,
0.868172,0,,
0.868431,0,,
0.86869,\r,,
0.868949,\n,,
0.876067,S,,
0.876326,W,,
0.876585,D,,
0.876844,R,,
0.877103,7,,
0.877362,F,,
0.87762,0,,
0.877879,1,,
0.878138,0,,
0.878397,0,,
0.878656,\r,,
0.878915,\n,,
0.896049,S,,
0.896308,W,,
0.896567,D,,
0.896826,R,,
0.897085,7,,
0.897344,E,,
0.897603,0,,
0.897862,1,,
0.898121,0,,
0.89838,0,,
0.898638,\r,,
0.898897,\n,,
0.905931,S,,
0.90619,W,,
0.906449,D,,
0.906708,R,,
0.906967,7,,
0.907226,F,,
0.907485,0,,
0.907744,1,,
0.908003,0,,
0.908262,0,,
0.90852,\r,,
0.908779,\n,,
0.926032,S,,
0.926291,W,,
0.926549,D,,
0.926808,R,,
0.927067,7,,
0.927326,E,,
0.927585,0,,
0.927844,1,,
0.928103,0,,
0.928362,0,,
0.928621,\r,,
0.92888,\n,,
0.935911,S,,
0.936169,W,,
0.936428,D,,
0.936687,R,,
0.936946,7,,
0.937205,F,,
0.937464,0,,
0.937723,1,,
0.937982,0,,
0.938241,0,,
0.9385,\r,,
0.938758,\n,,
0.945974,S,,
0.946233,W,,
0.946492,D,,
0.94675,R,,
0.947009,7,,
0.947268,E,,
0.947527,0,,
0.947786,1,,
0.948045,0,,
0.948304,0,,
0.948563,\r,,
0.948822,\n,,
0.995762,S,,
0.996021,W,,
0.99628,D,,
0.996539,R,,
0.996798,7,,
0.997057,D,,
0.997316,0,,
0.997574,1,,
0.997833,0,,
0.998092,0,,
0.998351,\r,,
0.99861,\n,,
1.015533,S,,
1.015791,W,,
1.01605,D,,
1.016309,R,,
1.016568,7,,
1.016827,E,,
1.017086,0,,
1.017345,1,,
1.017604,0,,
1.017863,0,,
1.018122,\r,,
1.018381,\n,,
1.025486,S,,
1.025745,W,,
1.026004,D,,
1.026262,R,,
1.026521,7,,
1.02678,C,,
1.027039,0,,
1.027298,1,,
1.027557,0,,
1.027816,0,,
1.028075,\r,,
1.028334,\n,,
1.035408,S,,
1.035667,W,,
1.035926,D,,
1.036185,R,,
1.036444,7,,
1.036703,D,,
1.036962,0,,
1.03722,1,,
1.037479,0,,
1.037738,0,,
1.037997,\r,,
1.038256,\n,,
1.065313,S,,
1.065572,W,,
1.065831,D,,
1.06609,R,,
1.066349,7,,
1.066607,E,,
1.066867,0,,
1.067125,1,,
1.067384,0,,
1.067643,0,,
1.067902,\r,,
1.068161,\n,,
1.105113,S,,
1.105372,W,,
1.10563,D,,
1.105889,R,,
1.106148,7,,
1.106407,F,,
1.106666,0,,
1.106925,1,,
1.107184,0,,
1.107443,0,,
1.107702,\r,,
1.107961,\n,,
1.144943,S,,
1.145202,W,,
1.145461,D,,
1.14572,R,,
1.145979,7,,
1.146238,E,,
1.146497,0,,
1.146755,1,,
1.147014,0,,
1.147273,0,,
1.147532,\r,,
1.147791,\n,,
1.154929,S,,
1.155188,W,,
1.155446,D,,
1.155705,R,,
1.155964,7,,
1.156223,F,,
1.156482,0,,
1.156741,1,,
1.157,0,,
1.157259,0,,
1.157518,\r,,
1.157776,\n,,
1.174817,S,,
1.175076,W,,
1.175335,D,,
1.175594,R,,
1.175853,7,,
1.176112,E,,
1.176371,0,,
1.176629,1,,
1.176888,0,,
1.177147,0,,
1.177406,\r,,
1.177665,\n,,
1.194757,S,,
1.195016,W,,
1.195275,D,,
1.195534,R,,
1.195793,7,,
1.196052,F,,
1.196311,0,,
1.19657,1,,
1.196828,0,,
1.197087,0,,
1.197346,\r,,
1.197605,\n,,
1.204719,S,,
1.204978,W,,
1.205237,D,,
1.205495,R,,
1.205754,7,,
1.206013,E,,
1.206272,0,,
1.206531,1,,
1.20679,0,,
1.207049,0,,
1.207308,\r,,
1.207567,\n,,
1.234591,S,,
1.23485,W,,
1.235109,D,,
1.235368,R,,
1.235627,7,,
1.235886,D,,
1.236145,0,,
1.236404,1,,
1.236662,0,,
1.236921,0,,
1.23718,\r,,
1.237439,\n,,
1.244547,S,,
1.244807,W,,
1.245065,D,,
1.245324,R,,
1.245583,7,,
1.245842,E,,
1.246101,0,,
1.24636,1,,
1.246619,0,,
1.246878,0,,
1.247137,\r,,
1.247396,\n,,
1.254505,S,,
1.254764,W,,
1.255023,D,,
1.255282,R,,
1.255541,7,,
1.2558,D,,
1.256059,0,,
1.256318,1,,
1.256577,0,,
1.256836,0,,
1.257095,\r,,
1.257354,\n,,
1.294311,S,,
1.294569,W,,
1.294829,D,,
1.295087,R,,
1.295346,7,,
1.295605,E,,
1.295864,0,,
1.296122,1,,
1.296381,0,,
1.29664,0,,
1.296899,\r,,
1.297158,\n,,
1.304268,S,,
1.304527,W,,
1.304786,D,,
1.305045,R,,
1.305304,7,,
1.305563,D,,
1.305821,0,,
1.30608,1,,
1.306339,0,,
1.306598,0,,
1.306857,\r,,
1.307116,\n,,
1.314224,S,,
1.314483,W,,
1.314742,D,,
1.315001,R,,
1.31526,7,,
1.315519,E,,
1.315778,0,,
1.316037,1,,
1.316296,0,,
1.316555,0,,
1.316813,\r,,
1.317072,\n,,
1.324184,S,,
1.324443,W,,
1.324702,D,,
1.324961,R,,
1.32522,7,,
1.325479,D,,
1.325737,0,,
1.325996,1,,
1.326255,0,,
1.326514,0,,
1.326773,\r,,
1.327032,\n,,
1.33414,S,,
1.334399,W,,
1.334658,D,,
1.334917,R,,
1.335176,7,,
1.335435,F,,
1.335694,0,,
1.335953,1,,
1.336212,0,,
1.336471,0,,
1.336729,\r,,
1.336988,\n,,
1.344102,S,,
1.344361,W,,
1.344619,D,,
1.344878,R,,
1.345137,7,,
1.345396,E,,
1.345655,0,,
1.345914,1,,
1.346173,0,,
1.346432,0,,
1.346691,\r,,
1.34695,\n,,
1.354084,S,,
1.354343,W,,
1.354602,D,,
1.354861,R,,
1.35512,7,,
1.355378,F,,
1.355637,0,,
1.355896,1,,
1.356155,0,,
1.356414,0,,
1.356673,\r,,
1.356932,\n,,
1.443709,S,,
1.443968,W,,
1.444227,D,,
1.444486,R,,
1.444745,7,,
1.445004,E,,
1.445263,0,,
1.445522,1,,
1.44578,0,,
1.446039,0,,
1.446298,\r,,
1.446557,\n,,
1.523338,S,,
1.523597,W,,
1.523856,D,,
1.524114,R,,
1.524373,7,,
1.524632,D,,
1.524891,0,,
1.52515,1,,
1.525409,0,,
1.525668,0,,
1.525927,\r,,
1.526186,\n,,
1.533297,S,,
1.533556,W,,
1.533815,D,,
1.534074,R,,
1.534333,7,,
1.534592,E,,
1.534851,0,,
1.53511,1,,
1.535369,0,,
1.535628,0,,
1.535886,\r,,
1.536145,\n,,
1.543281,S,,
1.54354,W,,
1.543799,D,,
1.544058,R,,
1.544318,7,,
1.544576,D,,
1.544835,0,,
1.545094,1,,
1.545353,0,,
1.545611,0,,
1.54587,\r,,
1.546129,\n,,
1.553238,S,,
1.553497,W,,
1.553756,D,,
1.554014,R,,
1.554273,7,,
1.554532,E,,
1.554791,0,,
1.55505,1,,
1.555309,0,,
1.555568,0,,
1.555827,\r,,
1.556086,\n,,
1.56317,S,,
1.563429,W,,
1.563688,D,,
1.563947,R,,
1.564206,7,,
1.564464,D,,
1.564723,0,,
1.564982,1,,
1.565241,0,,
1.5655,0,,
1.565759,\r,,
1.566018,\n,,
1.573128,S,,
1.573387,W,,
1.573646,D,,
1.573905,R,,
1.574164,7,,
1.574422,E,,
1.574681,0,,
1.57494,1,,
1.575199,0,,
1.575458,0,,
1.575717,\r,,
1.575976,\n,,
1.583086,S,,
1.583345,W,,
1.583604,D,,
1.583863,R,,
1.584122,7,,
1.58438,D,,
1.584639,0,,
1.584898,1,,
1.585157,0,,
1.585416,0,,
1.585675,\r,,
1.585934,\n,,
1.593044,S,,
1.593303,W,,
1.593562,D,,
1.593821,R,,
1.59408,7,,
1.594338,E,,
1.594597,0,,
1.594856,1,,
1.595115,0,,
1.595374,0,,
1.595633,\r,,
1.595891,\n,,
1.612984,S,,
1.613243,W,,
1.613502,D,,
1.613761,R,,
1.61402,7,,
1.614279,D,,
1.614538,0,,
1.614797,1,,
1.615055,0,,
1.615314,0,,
1.615573,\r,,
1.615832,\n,,
1.622916,S,,
1.623175,W,,
1.623435,D,,
1.623693,R,,
1.623953,7,,
1.624211,E,,
1.62447,0,,
1.624729,1,,
1.624988,0,,
1.625246,0,,
1.625505,\r,,
1.625764,\n,,
1.632875,S,,
1.633133,W,,
1.633393,D,,
1.633651,R,,
1.63391,7,,
1.634169,F,,
1.634428,0,,
1.634687,1,,
1.634946,0,,
1.635205,0,,
1.635463,\r,,
1.635722,\n,,
1.642831,S,,
1.64309,W,,
1.643349,D,,
1.643608,R,,
1.643866,7,,
1.644125,E,,
1.644384,0,,
1.644643,1,,
1.644902,0,,
1.645161,0,,
1.64542,\r,,
1.645679,\n,,
1.662757,S,,
1.663015,W,,
1.663274,D,,
1.663533,R,,
1.663792,7,,
1.664051,F,,
1.66431,0,,
1.664569,1,,
1.664828,0,,
1.665087,0,,
1.665346,\r,,
1.665604,\n,,
1.672705,S,,
1.672964,W,,
1.673223,D,,
1.673481,R,,
1.67374,7,,
1.673999,E,,
1.674258,0,,
1.674517,1,,
1.674776,0,,
1.675035,0,,
1.675294,\r,,
1.675553,\n,,
1.692621,S,,
1.69288,W,,
1.693138,D,,
1.693397,R,,
1.693656,7,,
1.693915,F,,
1.694174,0,,
1.694433,1,,
1.694692,0,,
1.694951,0,,
1.69521,\r,,
1.695469,\n,,
1.702579,S,,
1.702838,W,,
1.703097,D,,
1.703356,R,,
1.703614,7,,
1.703873,E,,
1.704132,0,,
1.704392,1,,
1.70465,0,,
1.704909,0,,
1.705168,\r,,
1.705427,\n,,
1.74241,S,,
1.742668,W,,
1.742927,D,,
1.743186,R,,
1.743445,7,,
1.743704,F,,
1.743963,0,,
1.744221,1,,
1.74448,0,,
1.744739,0,,
1.744998,\r,,
1.745257,\n,,
1.752367,S,,
1.752626,W,,
1.752885,D,,
1.753144,R,,
1.753403,7,,
1.753662,E,,
1.753921,0,,
1.754179,1,,
1.754439,0,,
1.754697,0,,
1.754956,\r,,
1.755216,\n,,
1.772295,S,,
1.772553,W,,
1.772812,D,,
1.773071,R,,
1.77333,7,,
1.773589,D,,
1.773848,0,,
1.774107,1,,
1.774365,0,,
1.774625,0,,
1.774884,\r,,
1.775142,\n,,
1.782267,S,,
1.782526,W,,
1.782785,D,,
1.783044,R,,
1.783303,7,,
1.783562,E,,
1.783821,0,,
1.784079,1,,
1.784338,0,,
1.784597,0,,
1.784856,\r,,
1.785115,\n,,
1.861928,S,,
1.862187,W,,
1.862446,D,,
1.862705,R,,
1.862964,7,,
1.863222,F,,
1.863482,0,,
1.86374,1,,
1.863999,0,,
1.864259,0,,
1.864517,\r,,
1.864776,\n,,
1.87186,S,,
1.872119,W,,
1.872378,D,,
1.872637,R,,
1.872896,7,,
1.873155,E,,
1.873414,0,,
1.873673,1,,
1.873931,0,,
1.87419,0,,
1.874449,\r,,
1.874708,\n,,
1.891802,S,,
1.892061,W,,
1.89232,D,,
1.892579,R,,
1.892838,7,,
1.893097,F,,
1.893356,0,,
1.893615,1,,
1.893873,0,,
1.894132,0,,
1.894391,\r,,
1.89465,\n,,
1.901733,S,,
1.901992,W,,
1.902251,D,,
1.902509,R,,
1.902768,7,,
1.903027,E,,
1.903286,0,,
1.903545,1,,
1.903804,0,,
1.904063,0,,
1.904322,\r,,
1.904581,\n,,
1.921649,S,,
1.921908,W,,
1.922166,D,,
1.922425,R,,
1.922684,7,,
1.922943,F,,
1.923202,0,,
1.923461,1,,
1.923719,0,,
1.923979,0,,
1.924238,\r,,
1.924497,\n,,
1.931607,S,,
1.931866,W,,
1.932124,D,,
1.932383,R,,
1.932642,7,,
1.932901,E,,
1.93316,0,,
1.933419,1,,
1.933678,0,,
1.933937,0,,
1.934196,\r,,
1.934455,\n,,
1.981423,S,,
1.981681,W,,
1.98194,D,,
1.982199,R,,
1.982458,7,,
1.982717,D,,
1.982976,0,,
1.983235,1,,
1.983494,0,,
1.983753,0,,
1.984012,\r,,
1.98427,\n,,
1.991353,S,,
1.991612,W,,
1.991871,D,,
1.99213,R,,
1.992389,7,,
1.992648,E,,
1.992906,0,,
1.993165,1,,
1.993424,0,,
1.993683,0,,
1.993942,\r,,
1.994201,\n,,
2.001311,S,,
2.00157,W,,
2.001829,D,,
2.002088,R,,
2.002347,7,,
2.002606,D,,
2.002864,0,,
2.003123,1,,
2.003382,0,,
2.003641,0,,
2.0039,\r,,
2.004159,\n,,
2.021227,S,,
2.021486,W,,
2.021744,D,,
2.022003,R,,
2.022262,7,,
2.022522,E,,
2.02278,0,,
2.023039,1,,
2.023298,0,,
2.023557,0,,
2.023816,\r,,
2.024075,\n,,
2.031183,S,,
2.031442,W,,
2.031701,D,,
2.03196,R,,
2.032219,7,,
2.032478,D,,
2.032737,0,,
2.032996,1,,
2.033255,0,,
2.033514,0,,
2.033772,\r,,
2.034031,\n,,
2.041169,S,,
2.041428,W,,
2.041687,D,,
2.041946,R,,
2.042205,7,,
2.042463,E,,
2.042722,0,,
2.042981,1,,
2.04324,0,,
2.043499,0,,
2.043758,\r,,
2.044017,\n,,
2.051099,S,,
2.051358,W,,
2.051617,D,,
2.051876,R,,
2.052135,7,,
2.052394,D,,
2.052653,0,,
2.052912,1,,
2.05317,0,,
2.053429,0,,
2.053688,\r,,
2.053947,\n,,
2.061057,S,,
2.061316,W,,
2.061575,D,,
2.061834,R,,
2.062093,7,,
2.062352,E,,
2.062611,0,,
2.06287,1,,
2.063129,0,,
2.063388,0,,
2.063646,\r,,
2.063905,\n,,
2.071015,S,,
2.071274,W,,
2.071533,D,,
2.071792,R,,
2.072051,7,,
2.07231,D,,
2.072569,0,,
2.072828,1,,
2.073087,0,,
2.073346,0,,
2.073604,\r,,
2.073863,\n,,
2.080973,S,,
2.081232,W,,
2.081491,D,,
2.08175,R,,
2.082009,7,,
2.082268,E,,
2.082527,0,,
2.082786,1,,
2.083045,0,,
2.083304,0,,
2.083562,\r,,
2.083821,\n,,
2.100888,S,,
2.101147,W,,
2.101406,D,,
2.101664,R,,
2.101923,7,,
2.102182,F,,
2.102441,0,,
2.1027,1,,
2.102959,0,,
2.103218,0,,
2.103477,\r,,
2.103736,\n,,
2.110847,S,,
2.111106,W,,
2.111365,D,,
2.111624,R,,
2.111883,7,,
2.112142,E,,
2.112401,0,,
2.11266,1,,
2.112919,0,,
2.113178,0,,
2.113436,\r,,
2.113695,\n,,
2.120831,S,,
2.12109,W,,
2.121349,D,,
2.121608,R,,
2.121867,7,,
2.122126,F,,
2.122385,0,,
2.122644,1,,
2.122903,0,,
2.123161,0,,
2.12342,\r,,
2.123679,\n,,
2.160636,S,,
2.160895,W,,
2.161154,D,,
2.161413,R,,
2.161671,7,,
2.16193,E,,
2.162189,0,,
2.162448,1,,
2.162707,0,,
2.162966,0,,
2.163225,\r,,
2.163484,\n,,
2.170605,S,,
2.170864,W,,
2.171123,D,,
2.171382,R,,
2.171641,7,,
2.1719,F,,
2.172159,0,,
2.172417,1,,
2.172676,0,,
2.172935,0,,
2.173194,\r,,
2.173453,\n,,
2.190508,S,,
2.190767,W,,
2.191026,D,,
2.191285,R,,
2.191544,7,,
2.191803,E,,
2.192062,0,,
2.19232,1,,
2.192579,0,,
2.192838,0,,
2.193097,\r,,
2.193356,\n,,
2.200466,S,,
2.200725,W,,
2.200984,D,,
2.201243,R,,
2.201502,7,,
2.201761,F,,
2.20202,0,,
2.202278,1,,
2.202537,0,,
2.202796,0,,
2.203055,\r,,
2.203314,\n,,
2.21045,S,,
2.210709,W,,
2.210968,D,,
2.211227,R,,
2.211486,7,,
2.211745,E,,
2.212003,0,,
2.212262,1,,
2.212521,0,,
2.21278,0,,
2.213039,\r,,
2.213298,\n,,
2.220382,S,,
2.220641,W,,
2.2209,D,,
2.221159,R,,
2.221418,7,,
2.221677,F,,
2.221936,0,,
2.222194,1,,
2.222453,0,,
2.222712,0,,
2.222971,\r,,
2.22323,\n,,
2.230339,S,,
2.230597,W,,
2.230856,D,,
2.231115,R,,
2.231374,7,,
2.231633,E,,
2.231892,0,,
2.232151,1,,
2.23241,0,,
2.232668,0,,
2.232927,\r,,
2.233186,\n,,
2.29009,S,,
2.290349,W,,
2.290607,D,,
2.290866,R,,
2.291125,7,,
2.291384,D,,
2.291643,0,,
2.291902,1,,
2.292161,0,,
2.29242,0,,
2.292679,\r,,
2.292938,\n,,
2.300051,S,,
2.30031,W,,
2.300569,D,,
2.300828,R,,
2.301087,7,,
2.301345,E,,
2.301604,0,,
2.301863,1,,
2.302122,0,,
2.302381,0,,
2.30264,\r,,
2.302899,\n,,
2.310001,S,,
2.31026,W,,
2.310519,D,,
2.310777,R,,
2.311036,7,,
2.311295,D,,
2.311554,0,,
2.311813,1,,
2.312072,0,,
2.312331,0,,
2.31259,\r,,
2.312849,\n,,
2.329917,S,,
2.330176,W,,
2.330435,D,,
2.330693,R,,
2.330952,7,,
2.331211,E,,
2.33147,0,,
2.331729,1,,
2.331988,0,,
2.332247,0,,
2.332506,\r,,
2.332765,\n,,
2.339901,S,,
2.34016,W,,
2.340418,D,,
2.340677,R,,
2.340936,7,,
2.341195,D,,
2.341454,0,,
2.341713,1,,
2.341972,0,,
2.342231,0,,
2.34249,\r,,
2.342749,\n,,
2.379733,S,,
2.379992,W,,
2.380251,D,,
2.380509,R,,
2.380768,7,,
2.381027,E,,
2.381286,0,,
2.381545,1,,
2.381804,0,,
2.382063,0,,
2.382322,\r,,
2.382581,\n,,
2.389665,S,,
2.389924,W,,
2.390183,D,,
2.390442,R,,
2.3907,7,,
2.390959,D,,
2.391218,0,,
2.391477,1,,
2.391736,0,,
2.391995,0,,
2.392254,\r,,
2.392513,\n,,
2.399647,S,,
2.399906,W,,
2.400165,D,,
2.400424,R,,
2.400682,7,,
2.400942,E,,
2.401201,0,,
2.401459,1,,
2.401718,0,,
2.401977,0,,
2.402236,\r,,
2.402495,\n,,
2.42951,S,,
2.429769,W,,
2.430028,D,,
2.430287,R,,
2.430546,7,,
2.430804,D,,
2.431063,0,,
2.431322,1,,
2.431581,0,,
2.43184,0,,
2.432099,\r,,
2.432358,\n,,
2.439478,S,,
2.439737,W,,
2.439995,D,,
2.440254,R,,
2.440513,7,,
2.440772,E,,
2.441031,0,,
2.44129,1,,
2.441549,0,,
2.441808,0,,
2.442067,\r,,
2.442326,\n,,
2.489251,S,,
2.48951,W,,
2.489769,D,,
2.490028,R,,
2.490287,7,,
2.490546,F,,
2.490805,0,,
2.491064,1,,
2.491323,0,,
2.491582,0,,
2.491841,\r,,
2.4921,\n,,
2.499226,S,,
2.499484,W,,
2.499743,D,,
2.500002,R,,
2.500261,7,,
2.50052,E,,
2.500779,0,,
2.501038,1,,
2.501297,0,,
2.501556,0,,
2.501815,\r,,
2.502074,\n,,
2.568903,S,,
2.569161,W,,
2.56942,D,,
2.569679,R,,
2.569938,7,,
2.570197,F,,
2.570456,0,,
2.570715,1,,
2.570974,0,,
2.571233,0,,
2.571492,\r,,
2.571751,\n,,
2.588845,S,,
2.589103,W,,
2.589362,D,,
2.589621,R,,
2.58988,7,,
2.590139,E,,
2.590398,0,,
2.590657,1,,
2.590916,0,,
2.591175,0,,
2.591434,\r,,
2.591692,\n,,
2.598781,S,,
2.59904,W,,
2.599299,D,,
2.599558,R,,
2.599817,7,,
2.600076,F,,
2.600335,0,,
2.600594,1,,
2.600853,0,,
2.601112,0,,
2.601371,\r,,
2.601629,\n,,
2.628649,S,,
2.628908,W,,
2.629167,D,,
2.629426,R,,
2.629685,7,,
2.629944,E,,
2.630202,0,,
2.630461,1,,
2.63072,0,,
2.630979,0,,
2.631238,\r,,
2.631497,\n,,
2.648593,S,,
2.648851,W,,
2.64911,D,,
2.649369,R,,
2.649628,7,,
2.649887,F,,
2.650146,0,,
2.650405,1,,
2.650664,0,,
2.650923,0,,
2.651182,\r,,
2.651441,\n,,
2.658534,S,,
2.658793,W,,
2.659052,D,,
2.659311,R,,
2.65957,7,,
2.659829,E,,
2.660088,0,,
2.660347,1,,
2.660606,0,,
2.660865,0,,
2.661123,\r,,
2.661382,\n,,
2.728228,S,,
2.728486,W,,
2.728746,D,,
2.729005,R,,
2.729264,7,,
2.729523,D,,
2.729781,0,,
2.73004,1,,
2.730299,0,,
2.730558,0,,
2.730817,\r,,
2.731075,\n,,
2.738186,S,,
2.738445,W,,
2.738703,D,,
2.738962,R,,
2.739221,7,,
2.73948,E,,
2.739739,0,,
2.739998,1,,
2.740257,0,,
2.740516,0,,
2.740775,\r,,
2.741034,\n,,
2.748152,S,,
2.748411,W,,
2.74867,D,,
2.748928,R,,
2.749187,7,,
2.749446,D,,
2.749705,0,,
2.749964,1,,
2.750223,0,,
2.750482,0,,
2.750741,\r,,
2.751,\n,,
2.758126,S,,
2.758385,W,,
2.758644,D,,
2.758903,R,,
2.759162,7,,
2.75942,E,,
2.759679,0,,
2.759938,1,,
2.760197,0,,
2.760456,0,,
2.760715,\r,,
2.760974,\n,,
2.768082,S,,
2.768341,W,,
2.7686,D,,
2.768859,R,,
2.769119,7,,
2.769377,D,,
2.769636,0,,
2.769895,1,,
2.770154,0,,
2.770413,0,,
2.770671,\r,,
2.77093,\n,,
2.778015,S,,
2.778273,W,,
2.778533,D,,
2.778791,R,,
2.77905,7,,
2.779309,E,,
2.779568,0,,
2.779827,1,,
2.780086,0,,
2.780345,0,,
2.780604,\r,,
2.780862,\n,,
2.797956,S,,
2.798215,W,,
2.798474,D,,
2.798733,R,,
2.798992,7,,
2.799251,D,,
2.79951,0,,
2.799769,1,,
2.800028,0,,
2.800287,0,,
2.800545,\r,,
2.800804,\n,,
2.807893,S,,
2.808152,W,,
2.808411,D,,
2.80867,R,,
2.808929,7,,
2.809188,E,,
2.809447,0,,
2.809706,1,,
2.809965,0,,
2.810224,0,,
2.810483,\r,,
2.810741,\n,,
2.827805,S,,
2.828064,W,,
2.828323,D,,
2.828581,R,,
2.82884,7,,
2.829099,D,,
2.829358,0,,
2.829617,1,,
2.829876,0,,
2.830135,0,,
2.830394,\r,,
2.830653,\n,,
2.837771,S,,
2.83803,W,,
2.838289,D,,
2.838547,R,,
2.838806,7,,
2.839065,E,,
2.839324,0,,
2.839583,1,,
2.839842,0,,
2.840101,0,,
2.84036,\r,,
2.840619,\n,,
2.847717,S,,
2.847976,W,,
2.848235,D,,
2.848494,R,,
2.848753,7,,
2.849012,F,,
2.849271,0,,
2.84953,1,,
2.849789,0,,
2.850048,0,,
2.850306,\r,,
2.850565,\n,,
2.857675,S,,
2.857934,W,,
2.858193,D,,
2.858452,R,,
2.858711,7,,
2.85897,E,,
2.859229,0,,
2.859488,1,,
2.859747,0,,
2.860006,0,,
2.860265,\r,,
2.860523,\n,,
2.867635,S,,
2.867894,W,,
2.868153,D,,
2.868412,R,,
2.868671,7,,
2.86893,F,,
2.869189,0,,
2.869447,1,,
2.869706,0,,
2.869965,0,,
2.870224,\r,,
2.870483,\n,,
2.937336,S,,
2.937595,W,,
2.937854,D,,
2.938113,R,,
2.938372,7,,
2.938631,E,,
2.93889,0,,
2.939149,1,,
2.939408,0,,
2.939667,0,,
2.939925,\r,,
2.940184,\n,,
2.947294,S,,
2.947553,W,,
2.947812,D,,
2.948071,R,,
2.94833,7,,
2.948589,F,,
2.948848,0,,
2.949107,1,,
2.949366,0,,
2.949625,0,,
2.949884,\r,,
2.950142,\n,,
2.95723,S,,
2.957489,W,,
2.957748,D,,
2.958006,R,,
2.958265,7,,
2.958524,E,,
2.958784,0,,
2.959042,1,,
2.959301,0,,
2.95956,0,,
2.959819,\r,,
2.960078,\n,,
2.967188,S,,
2.967447,W,,
2.967706,D,,
2.967965,R,,
2.968223,7,,
2.968482,F,,
2.968741,0,,
2.969,1,,
2.969259,0,,
2.969518,0,,
2.969777,\r,,
2.970036,\n,,
2.977146,S,,
2.977405,W,,
2.977664,D,,
2.977923,R,,
2.978181,7,,
2.978441,E,,
2.978699,0,,
2.978958,1,,
2.979217,0,,
2.979476,0,,
2.979735,\r,,
2.979994,\n,,
3.066766,S,,
3.067025,W,,
3.067284,D,,
3.067543,R,,
3.067802,7,,
3.068061,D,,
3.06832,0,,
3.068579,1,,
3.068838,0,,
3.069097,0,,
3.069355,\r,,
3.069614,\n,,
3.076724,S,,
3.076983,W,,
3.077242,D,,
3.077501,R,,
3.07776,7,,
3.078019,E,,
3.078278,0,,
3.078537,1,,
3.078796,0,,
3.079054,0,,
3.079313,\r,,
3.079573,\n,,
3.106597,S,,
3.106855,W,,
3.107115,D,,
3.107374,R,,
3.107632,7,,
3.107891,D,,
3.10815,0,,
3.108409,1,,
3.108668,0,,
3.108927,0,,
3.109186,\r,,
3.109445,\n,,
3.116555,S,,
3.116814,W,,
3.117073,D,,
3.117332,R,,
3.11759,7,,
3.117849,E,,
3.118108,0,,
3.118367,1,,
3.118626,0,,
3.118885,0,,
3.119144,\r,,
3.119403,\n,,
3.136469,S,,
3.136728,W,,
3.136987,D,,
3.137246,R,,
3.137505,7,,
3.137764,D,,
3.138023,0,,
3.138282,1,,
3.138541,0,,
3.1388,0,,
3.139059,\r,,
3.139317,\n,,
3.146427,S,,
3.146686,W,,
3.146945,D,,
3.147204,R,,
3.147463,7,,
3.147722,E,,
3.147981,0,,
3.14824,1,,
3.148499,0,,
3.148757,0,,
3.149016,\r,,
3.149275,\n,,
3.186259,S,,
3.186518,W,,
3.186777,D,,
3.187036,R,,
3.187295,7,,
3.187554,F,,
3.187813,0,,
3.188072,1,,
3.188331,0,,
3.18859,0,,
3.188848,\r,,
3.189107,\n,,
3.196222,S,,
3.196481,W,,
3.19674,D,,
3.196999,R,,
3.197258,7,,
3.197517,E,,
3.197776,0,,
3.198035,1,,
3.198293,0,,
3.198552,0,,
3.198811,\r,,
3.19907,\n,,
3.20631,S,,
3.206569,W,,
3.206828,D,,
3.207086,R,,
3.207345,7,,
3.207604,F,,
3.207863,0,,
3.208122,1,,
3.208381,0,,
3.20864,0,,
3.208899,\r,,
3.209157,\n,,
3.216311,S,,
3.21657,W,,
3.216829,D,,
3.217088,R,,
3.217347,7,,
3.217606,E,,
3.217865,0,,
3.218124,1,,
3.218383,0,,
3.218642,0,,
3.2189,\r,,
3.219159,\n,,
3.236232,S,,
3.236491,W,,
3.23675,D,,
3.237009,R,,
3.237267,7,,
3.237526,F,,
3.237785,0,,
3.238045,1,,
3.238303,0,,
3.238562,0,,
3.238821,\r,,
3.23908,\n,,
3.246161,S,,
3.24642,W,,
3.246679,D,,
3.246937,R,,
3.247196,7,,
3.247456,E,,
3.247715,0,,
3.247973,1,,
3.248232,0,,
3.248491,0,,
3.24875,\r,,
3.249009,\n,,
3.34561,S,,
3.345869,W,,
3.346128,D,,
3.346387,R,,
3.346645,7,,
3.346904,D,,
3.347163,0,,
3.347422,1,,
3.347681,0,,
3.34794,0,,
3.348199,\r,,
3.348458,\n,,
3.355566,S,,
3.355825,W,,
3.356084,D,,
3.356343,R,,
3.356602,7,,
3.356861,E,,
3.35712,0,,
3.357379,1,,
3.357637,0,,
3.357896,0,,
3.358155,\r,,
3.358414,\n,,
3.375508,S,,
3.375767,W,,
3.376026,D,,
3.376285,R,,
3.376544,7,,
3.376803,F,,
3.377062,0,,
3.37732,1,,
3.377579,0,,
3.377838,0,,
3.378097,\r,,
3.378356,\n,,
3.38545,S,,
3.385709,W,,
3.385968,D,,
3.386227,R,,
3.386486,7,,
3.386744,E,,
3.387003,0,,
3.387262,1,,
3.387521,0,,
3.38778,0,,
3.388039,\r,,
3.388298,\n,,
3.395398,S,,
3.395657,W,,
3.395916,D,,
3.396175,R,,
3.396434,7,,
3.396693,F,,
3.396952,0,,
3.397211,1,,
3.397469,0,,
3.397728,0,,
3.397987,\r,,
3.398246,\n,,
3.415316,S,,
3.415575,W,,
3.415834,D,,
3.416093,R,,
3.416352,7,,
3.41661,E,,
3.416869,0,,
3.417128,1,,
3.417387,0,,
3.417646,0,,
3.417905,\r,,
3.418164,\n,,
3.425277,S,,
3.425536,W,,
3.425795,D,,
3.426054,R,,
3.426313,7,,
3.426572,F,,
3.426831,0,,
3.42709,1,,
3.427348,0,,
3.427607,0,,
3.427866,\r,,
3.428125,\n,,
3.435229,S,,
3.435488,W,,
3.435747,D,,
3.436005,R,,
3.436264,7,,
3.436523,E,,
3.436782,0,,
3.437041,1,,
3.4373,0,,
3.437558,0,,
3.437817,\r,,
3.438077,\n,,
3.445187,S,,
3.445446,W,,
3.445705,D,,
3.445963,R,,
3.446222,7,,
3.446481,F,,
3.44674,0,,
3.446999,1,,
3.447258,0,,
3.447517,0,,
3.447776,\r,,
3.448035,\n,,
3.455152,S,,
3.45541,W,,
3.455669,D,,
3.455928,R,,
3.456187,7,,
3.456446,E,,
3.456705,0,,
3.456964,1,,
3.457222,0,,
3.457481,0,,
3.45774,\r,,
3.457999,\n,,
3.504931,S,,
3.50519,W,,
3.505449,D,,
3.505708,R,,
3.505967,7,,
3.506226,D,,
3.506485,0,,
3.506744,1,,
3.507003,0,,
3.507262,0,,
3.507521,\r,,
3.507779,\n,,
3.514917,S,,
3.515176,W,,
3.515435,D,,
3.515694,R,,
3.515953,7,,
3.516211,E,,
3.51647,0,,
3.516729,1,,
3.516988,0,,
3.517247,0,,
3.517506,\r,,
3.517765,\n,,
3.524875,S,,
3.525134,W,,
3.525393,D,,
3.525652,R,,
3.525911,7,,
3.526169,D,,
3.526428,0,,
3.526687,1,,
3.526946,0,,
3.527205,0,,
3.527464,\r,,
3.527723,\n,,
3.594589,S,,
3.594848,W,,
3.595107,D,,
3.595366,R,,
3.595624,7,,
3.595883,E,,
3.596142,0,,
3.596401,1,,
3.59666,0,,
3.596919,0,,
3.597178,\r,,
3.597437,\n,,
3.604517,S,,
3.604775,W,,
3.605034,D,,
3.605293,R,,
3.605552,7,,
3.605811,D,,
3.60607,0,,
3.606328,1,,
3.606587,0,,
3.606846,0,,
3.607105,\r,,
3.607364,\n,,
3.614468,S,,
3.614727,W,,
3.614986,D,,
3.615244,R,,
3.615503,7,,
3.615762,E,,
3.616021,0,,
3.61628,1,,
3.616539,0,,
3.616798,0,,
3.617057,\r,,
3.617315,\n,,
3.654298,S,,
3.654557,W,,
3.654816,D,,
3.655075,R,,
3.655334,7,,
3.655593,F,,
3.655851,0,,
3.65611,1,,
3.656369,0,,
3.656628,0,,
3.656887,\r,,
3.657146,\n,,
3.664256,S,,
3.664515,W,,
3.664774,D,,
3.665033,R,,
3.665292,7,,
3.665551,E,,
3.665809,0,,
3.666068,1,,
3.666327,0,,
3.666586,0,,
3.666845,\r,,
3.667104,\n,,
3.674214,S,,
3.674473,W,,
3.674732,D,,
3.67499,R,,
3.675249,7,,
3.675508,F,,
3.675767,0,,
3.676026,1,,
3.676285,0,,
3.676544,0,,
3.676803,\r,,
3.677062,\n,,
3.684172,S,,
3.684431,W,,
3.68469,D,,
3.684949,R,,
3.685208,7,,
3.685467,E,,
3.685725,0,,
3.685984,1,,
3.686243,0,,
3.686502,0,,
3.686761,\r,,
3.68702,\n,,
3.704114,S,,
3.704373,W,,
3.704632,D,,
3.704891,R,,
3.70515,7,,
3.705408,F,,
3.705667,0,,
3.705926,1,,
3.706185,0,,
3.706444,0,,
3.706703,\r,,
3.706962,\n,,
3.714046,S,,
3.714305,W,,
3.714564,D,,
3.714823,R,,
3.715082,7,,
3.715341,E,,
3.715599,0,,
3.715858,1,,
3.716117,0,,
3.716376,0,,
3.716635,\r,,
3.716894,\n,,
3.873406,S,,
3.873665,W,,
3.873924,D,,
3.874183,R,,
3.874442,7,,
3.874701,F,,
3.87496,0,,
3.875219,1,,
3.875477,0,,
3.875736,0,,
3.875995,\r,,
3.876254,\n,,
3.883327,S,,
3.883586,W,,
3.883845,D,,
3.884104,R,,
3.884363,7,,
3.884622,E,,
3.884881,0,,
3.885139,1,,
3.885398,0,,
3.885657,0,,
3.885916,\r,,
3.886175,\n,,
3.893311,S,,
3.89357,W,,
3.893829,D,,
3.894088,R,,
3.894347,7,,
3.894605,F,,
3.894864,0,,
3.895123,1,,
3.895382,0,,
3.895641,0,,
3.8959,\r,,
3.896159,\n,,
3.903241,S,,
3.9035,W,,
3.903759,D,,
3.904019,R,,
3.904277,7,,
3.904536,E,,
3.904795,0,,
3.905054,1,,
3.905313,0,,
3.905572,0,,
3.905831,\r,,
3.906089,\n,,
3.933153,S,,
3.933412,W,,
3.93367,D,,
3.933929,R,,
3.934188,7,,
3.934447,F,,
3.934706,0,,
3.934965,1,,
3.935224,0,,
3.935483,0,,
3.935742,\r,,
3.936001,\n,,
3.94308,S,,
3.943339,W,,
3.943598,D,,
3.943857,R,,
3.944116,7,,
3.944374,E,,
3.944633,0,,
3.944892,1,,
3.945151,0,,
3.94541,0,,
3.945669,\r,,
3.945928,\n,,
3.982905,S,,
3.983164,W,,
3.983423,D,,
3.983682,R,,
3.983941,7,,
3.9842,F,,
3.984459,0,,
3.984718,1,,
3.984977,0,,
3.985236,0,,
3.985495,\r,,
3.985754,\n,,
3.992862,S,,
3.993121,W,,
3.99338,D,,
3.993639,R,,
3.993898,7,,
3.994157,E,,
3.994416,0,,
3.994675,1,,
3.994933,0,,
3.995192,0,,
3.995451,\r,,
3.99571,\n,,
4.05261,S,,
4.052868,W,,
4.053128,D,,
4.053386,R,,
4.053645,7,,
4.053904,D,,
4.054163,0,,
4.054422,1,,
4.054681,0,,
4.05494,0,,
4.055199,\r,,
4.055458,\n,,
4.062569,S,,
4.062828,W,,
4.063087,D,,
4.063346,R,,
4.063605,7,,
4.063864,E,,
4.064123,0,,
4.064382,1,,
4.064641,0,,
4.064899,0,,
4.065158,\r,,
4.065417,\n,,
4.082482,S,,
4.082741,W,,
4.083,D,,
4.083259,R,,
4.083518,7,,
4.083777,D,,
4.084036,0,,
4.084294,1,,
4.084553,0,,
4.084812,0,,
4.085071,\r,,
4.08533,\n,,
4.102424,S,,
4.102683,W,,
4.102942,D,,
4.103201,R,,
4.10346,7,,
4.103719,E,,
4.103977,0,,
4.104236,1,,
4.104495,0,,
4.104754,0,,
4.105013,\r,,
4.105272,\n,,
4.112356,S,,
4.112615,W,,
4.112874,D,,
4.113133,R,,
4.113392,7,,
4.113651,D,,
4.11391,0,,
4.114168,1,,
4.114427,0,,
4.114686,0,,
4.114945,\r,,
4.115204,\n,,
4.12234,S,,
4.122599,W,,
4.122858,D,,
4.123117,R,,
4.123376,7,,
4.123635,E,,
4.123893,0,,
4.124152,1,,
4.124411,0,,
4.12467,0,,
4.124929,\r,,
4.125188,\n,,
4.152214,S,,
4.152473,W,,
4.152732,D,,
4.152991,R,,
4.15325,7,,
4.153509,F,,
4.153768,0,,
4.154026,1,,
4.154285,0,,
4.154544,0,,
4.154803,\r,,
4.155062,\n,,
4.162174,S,,
4.162433,W,,
4.162692,D,,
4.16295,R,,
4.163209,7,,
4.163468,E,,
4.163727,0,,
4.163986,1,,
4.164245,0,,
4.164504,0,,
4.164763,\r,,
4.165022,\n,,
4.172127,S,,
4.172386,W,,
4.172645,D,,
4.172904,R,,
4.173162,7,,
4.173421,F,,
4.17368,0,,
4.173939,1,,
4.174198,0,,
4.174457,0,,
4.174716,\r,,
4.174975,\n,,
4.21197,S,,
4.212229,W,,
4.212488,D,,
4.212747,R,,
4.213006,7,,
4.213265,E,,
4.213524,0,,
4.213783,1,,
4.214041,0,,
4.2143,0,,
4.214559,\r,,
4.214818,\n,,
4.221917,S,,
4.222176,W,,
4.222435,D,,
4.222694,R,,
4.222953,7,,
4.223211,F,,
4.22347,0,,
4.223729,1,,
4.223988,0,,
4.224247,0,,
4.224506,\r,,
4.224764,\n,,
4.251766,S,,
4.252024,W,,
4.252283,D,,
4.252542,R,,
4.252801,7,,
4.25306,E,,
4.253319,0,,
4.253577,1,,
4.253836,0,,
4.254095,0,,
4.254354,\r,,
4.254613,\n,,
4.301579,S,,
4.301838,W,,
4.302097,D,,
4.302356,R,,
4.302615,7,,
4.302875,D,,
4.303133,0,,
4.303392,1,,
4.303651,0,,
4.30391,0,,
4.304168,\r,,
4.304427,\n,,
4.331437,S,,
4.331696,W,,
4.331955,D,,
4.332214,R,,
4.332473,7,,
4.332732,E,,
4.332991,0,,
4.33325,1,,
4.333509,0,,
4.333767,0,,
4.334026,\r,,
4.334286,\n,,
4.341384,S,,
4.341643,W,,
4.341902,D,,
4.342161,R,,
4.34242,7,,
4.342679,D,,
4.342937,0,,
4.343196,1,,
4.343455,0,,
4.343714,0,,
4.343973,\r,,
4.344232,\n,,
4.371258,S,,
4.371517,W,,
4.371776,D,,
4.372035,R,,
4.372294,7,,
4.372552,E,,
4.372811,0,,
4.373071,1,,
4.373329,0,,
4.373589,0,,
4.373848,\r,,
4.374106,\n,,
4.411126,S,,
4.411385,W,,
4.411643,D,,
4.411902,R,,
4.412161,7,,
4.41242,F,,
4.412679,0,,
4.412938,1,,
4.413197,0,,
4.413456,0,,
4.413715,\r,,
4.413974,\n,,
4.421046,S,,
4.421305,W,,
4.421564,D,,
4.421823,R,,
4.422082,7,,
4.422341,E,,
4.4226,0,,
4.422858,1,,
4.423118,0,,
4.423377,0,,
4.423635,\r,,
4.423894,\n,,
4.431004,S,,
4.431263,W,,
4.431522,D,,
4.431781,R,,
4.43204,7,,
4.432299,F,,
4.432558,0,,
4.432817,1,,
4.433076,0,,
4.433335,0,,
4.433593,\r,,
4.433852,\n,,
4.440961,S,,
4.44122,W,,
4.441479,D,,
4.441738,R,,
4.441996,7,,
4.442255,E,,
4.442514,0,,
4.442773,1,,
4.443032,0,,
4.443291,0,,
4.443551,\r,,
4.443809,\n,,
4.450919,S,,
4.451178,W,,
4.451437,D,,
4.451696,R,,
4.451954,7,,
4.452213,F,,
4.452472,0,,
4.452731,1,,
4.45299,0,,
4.453249,0,,
4.453508,\r,,
4.453767,\n,,
4.460888,S,,
4.461147,W,,
4.461406,D,,
4.461665,R,,
4.461924,7,,
4.462183,E,,
4.462442,0,,
4.4627,1,,
4.462959,0,,
4.463218,0,,
4.463477,\r,,
4.463736,\n,,
4.480802,S,,
4.481061,W,,
4.48132,D,,
4.481579,R,,
4.481838,7,,
4.482097,F,,
4.482356,0,,
4.482615,1,,
4.482874,0,,
4.483133,0,,
4.483391,\r,,
4.48365,\n,,
4.490751,S,,
4.49101,W,,
4.491269,D,,
4.491527,R,,
4.491786,7,,
4.492045,E,,
4.492304,0,,
4.492563,1,,
4.492822,0,,
4.493081,0,,
4.49334,\r,,
4.493599,\n,,
4.500709,S,,
4.500968,W,,
4.501227,D,,
4.501485,R,,
4.501744,7,,
4.502003,D,,
4.502262,0,,
4.502521,1,,
4.50278,0,,
4.503039,0,,
4.503298,\r,,
4.503557,\n,,
4.510667,S,,
4.510926,W,,
4.511185,D,,
4.511443,R,,
4.511702,7,,
4.511961,E,,
4.51222,0,,
4.512479,1,,
4.512738,0,,
4.512997,0,,
4.513256,\r,,
4.513515,\n,,
4.530607,S,,
4.530866,W,,
4.531125,D,,
4.531384,R,,
4.531643,7,,
4.531902,D,,
4.53216,0,,
4.532419,1,,
4.532678,0,,
4.532937,0,,
4.533196,\r,,
4.533455,\n,,
4.540539,S,,
4.540798,W,,
4.541057,D,,
4.541316,R,,
4.541574,7,,
4.541834,E,,
4.542093,0,,
4.542351,1,,
4.54261,0,,
4.542869,0,,
4.543128,\r,,
4.543387,\n,,
4.640116,S,,
4.640375,W,,
4.640634,D,,
4.640893,R,,
4.641152,7,,
4.64141,F,,
4.641669,0,,
4.641928,1,,
4.642187,0,,
4.642446,0,,
4.642705,\r,,
4.642964,\n,,
4.6501,S,,
4.650359,W,,
4.650618,D,,
4.650876,R,,
4.651135,7,,
4.651394,E,,
4.651653,0,,
4.651912,1,,
4.652171,0,,
4.65243,0,,
4.652689,\r,,
4.652948,\n,,
4.749676,S,,
4.749935,W,,
4.750194,D,,
4.750453,R,,
4.750712,7,,
4.750971,D,,
4.75123,0,,
4.751489,1,,
4.751748,0,,
4.752007,0,,
4.752266,\r,,
4.752524,\n,,
4.759637,S,,
4.759895,W,,
4.760155,D,,
4.760413,R,,
4.760672,7,,
4.760931,E,,
4.76119,0,,
4.761448,1,,
4.761707,0,,
4.761966,0,,
4.762225,\r,,
4.762484,\n,,
4.769593,S,,
4.769851,W,,
4.77011,D,,
4.770369,R,,
4.770628,7,,
4.770887,D,,
4.771146,0,,
4.771405,1,,
4.771664,0,,
4.771923,0,,
4.772182,\r,,
4.77244,\n,,
4.809431,S,,
4.80969,W,,
4.809949,D,,
4.810208,R,,
4.810467,7,,
4.810725,E,,
4.810984,0,,
4.811243,1,,
4.811502,0,,
4.811761,0,,
4.81202,\r,,
4.812279,\n,,
4.819373,S,,
4.819632,W,,
4.819891,D,,
4.82015,R,,
4.820408,7,,
4.820667,D,,
4.820926,0,,
4.821185,1,,
4.821444,0,,
4.821703,0,,
4.821962,\r,,
4.822221,\n,,
4.839297,S,,
4.839556,W,,
4.839815,D,,
4.840074,R,,
4.840333,7,,
4.840591,E,,
4.84085,0,,
4.841109,1,,
4.841368,0,,
4.841627,0,,
4.841886,\r,,
4.842145,\n,,
4.849255,S,,
4.849514,W,,
4.849773,D,,
4.850032,R,,
4.850291,7,,
4.85055,D,,
4.850808,0,,
4.851067,1,,
4.851326,0,,
4.851585,0,,
4.851844,\r,,
4.852103,\n,,
4.859224,S,,
4.859483,W,,
4.859742,D,,
4.860001,R,,
4.86026,7,,
4.860519,E,,
4.860778,0,,
4.861037,1,,
4.861296,0,,
4.861554,0,,
4.861813,\r,,
4.862072,\n,,
4.869145,S,,
4.869404,W,,
4.869663,D,,
4.869921,R,,
4.87018,7,,
4.87044,D,,
4.870699,0,,
4.870958,1,,
4.871216,0,,
4.871475,0,,
4.871734,\r,,
4.871993,\n,,
4.879103,S,,
4.879362,W,,
4.879621,D,,
4.87988,R,,
4.880139,7,,
4.880398,E,,
4.880657,0,,
4.880916,1,,
4.881174,0,,
4.881433,0,,
4.881692,\r,,
4.881951,\n,,
4.899044,S,,
4.899302,W,,
4.899561,D,,
4.89982,R,,
4.900079,7,,
4.900338,D,,
4.900597,0,,
4.900856,1,,
4.901115,0,,
4.901374,0,,
4.901633,\r,,
4.901891,\n,,
4.909003,S,,
4.909262,W,,
4.909521,D,,
4.90978,R,,
4.910039,7,,
4.910298,E,,
4.910557,0,,
4.910815,1,,
4.911074,0,,
4.911333,0,,
4.911592,\r,,
4.911851,\n,,
4.97868,S,,
4.978939,W,,
4.979198,D,,
4.979457,R,,
4.979716,7,,
4.979975,D,,
4.980233,0,,
4.980493,1,,
4.980752,0,,
4.98101,0,,
4.981269,\r,,
4.981528,\n,,
4.988638,S,,
4.988897,W,,
4.989156,D,,
4.989414,R,,
4.989673,7,,
4.989932,E,,
4.990191,0,,
4.99045,1,,
4.990709,0,,
4.990968,0,,
4.991227,\r,,
4.991486,\n,,
5.098183,S,,
5.098441,W,,
5.0987,D,,
5.098959,R,,
5.099218,7,,
5.099477,F,,
5.099736,0,,
5.099995,1,,
5.100254,0,,
5.100513,0,,
5.100772,\r,,
5.10103,\n,,
5.108155,S,,
5.108414,W,,
5.108673,D,,
5.108932,R,,
5.109191,7,,
5.10945,E,,
5.109709,0,,
5.109967,1,,
5.110226,0,,
5.110485,0,,
5.110744,\r,,
5.111003,\n,,
5.1679,S,,
5.168159,W,,
5.168418,D,,
5.168677,R,,
5.168936,7,,
5.169194,F,,
5.169453,0,,
5.169712,1,,
5.169971,0,,
5.17023,0,,
5.170489,\r,,
5.170748,\n,,
5.177845,S,,
5.178104,W,,
5.178363,D,,
5.178622,R,,
5.178881,7,,
5.17914,E,,
5.179398,0,,
5.179657,1,,
5.179916,0,,
5.180175,0,,
5.180434,\r,,
5.180693,\n,,
5.207713,S,,
5.207971,W,,
5.20823,D,,
5.208489,R,,
5.208748,7,,
5.209007,F,,
5.209266,0,,
5.209525,1,,
5.209784,0,,
5.210043,0,,
5.210302,\r,,
5.210561,\n,,
5.217662,S,,
5.217921,W,,
5.21818,D,,
5.218439,R,,
5.218698,7,,
5.218957,E,,
5.219216,0,,
5.219475,1,,
5.219734,0,,
5.219993,0,,
5.220252,\r,,
5.22051,\n,,
5.247538,S,,
5.247797,W,,
5.248056,D,,
5.248315,R,,
5.248574,7,,
5.248833,F,,
5.249092,0,,
5.249351,1,,
5.249609,0,,
5.249868,0,,
5.250127,\r,,
5.250386,\n,,
5.257477,S,,
5.257736,W,,
5.257995,D,,
5.258253,R,,
5.258512,7,,
5.258771,E,,
5.25903,0,,
5.259289,1,,
5.259548,0,,
5.259807,0,,
5.260066,\r,,
5.260325,\n,,
5.287365,S,,
5.287624,W,,
5.287883,D,,
5.288142,R,,
5.288401,7,,
5.28866,F,,
5.288919,0,,
5.289178,1,,
5.289437,0,,
5.289696,0,,
5.289954,\r,,
5.290213,\n,,
5.297302,S,,
5.297561,W,,
5.29782,D,,
5.298079,R,,
5.298338,7,,
5.298597,E,,
5.298856,0,,
5.299115,1,,
5.299374,0,,
5.299633,0,,
5.299892,\r,,
5.30015,\n,,
5.406837,S,,
5.407096,W,,
5.407355,D,,
5.407615,R,,
5.407874,7,,
5.408132,F,,
5.408391,0,,
5.40865,1,,
5.408909,0,,
5.409167,0,,
5.409426,\r,,
5.409685,\n,,
5.416795,S,,
5.417054,W,,
5.417313,D,,
5.417572,R,,
5.417831,7,,
5.41809,E,,
5.418349,0,,
5.418608,1,,
5.418867,0,,
5.419125,0,,
5.419384,\r,,
5.419643,\n,,
5.446681,S,,
5.44694,W,,
5.447198,D,,
5.447457,R,,
5.447716,7,,
5.447975,F,,
5.448234,0,,
5.448493,1,,
5.448752,0,,
5.449011,0,,
5.44927,\r,,
5.449529,\n,,
5.456626,S,,
5.456885,W,,
5.457144,D,,
5.457402,R,,
5.457661,7,,
5.45792,E,,
5.458179,0,,
5.458438,1,,
5.458696,0,,
5.458956,0,,
5.459215,\r,,
5.459474,\n,,
5.466585,S,,
5.466844,W,,
5.467103,D,,
5.467362,R,,
5.467621,7,,
5.46788,D,,
5.468139,0,,
5.468398,1,,
5.468657,0,,
5.468916,0,,
5.469174,\r,,
5.469433,\n,,
5.476543,S,,
5.476802,W,,
5.477061,D,,
5.47732,R,,
5.477579,7,,
5.477838,E,,
5.478097,0,,
5.478356,1,,
5.478615,0,,
5.478874,0,,
5.479133,\r,,
5.479391,\n,,
5.636077,S,,
5.636336,W,,
5.636595,D,,
5.636854,R,,
5.637113,7,,
5.637371,F,,
5.637631,0,,
5.637889,1,,
5.638148,0,,
5.638407,0,,
5.638666,\r,,
5.638925,\n,,
5.64585,S,,
5.646108,W,,
5.646367,D,,
5.646626,R,,
5.646885,7,,
5.647144,E,,
5.647402,0,,
5.647661,1,,
5.64792,0,,
5.648179,0,,
5.648438,\r,,
5.648697,\n,,
5.685692,S,,
5.685951,W,,
5.68621,D,,
5.686469,R,,
5.686728,7,,
5.686987,F,,
5.687246,0,,
5.687505,1,,
5.687764,0,,
5.688023,0,,
5.688282,\r,,
5.68854,\n,,
5.695639,S,,
5.695898,W,,
5.696157,D,,
5.696416,R,,
5.696675,7,,
5.696934,E,,
5.697193,0,,
5.697452,1,,
5.69771,0,,
5.697969,0,,
5.698228,\r,,
5.698487,\n,,
5.725512,S,,
5.72577,W,,
5.726029,D,,
5.726288,R,,
5.726547,7,,
5.726806,F,,
5.727065,0,,
5.727324,1,,
5.727583,0,,
5.727842,0,,
5.728101,\r,,
5.72836,\n,,
5.735497,S,,
5.735756,W,,
5.736015,D,,
5.736274,R,,
5.736533,7,,
5.736792,E,,
5.737051,0,,
5.737309,1,,
5.737568,0,,
5.737827,0,,
5.738086,\r,,
5.738345,\n,,
5.745429,S,,
5.745688,W,,
5.745947,D,,
5.746206,R,,
5.746465,7,,
5.746724,F,,
5.746983,0,,
5.747242,1,,
5.7475,0,,
5.747759,0,,
5.748018,\r,,
5.748277,\n,,
5.755386,S,,
5.755645,W,,
5.755903,D,,
5.756162,R,,
5.756421,7,,
5.75668,E,,
5.756939,0,,
5.757198,1,,
5.757457,0,,
5.757716,0,,
5.757975,\r,,
5.758233,\n,,
5.884836,S,,
5.885095,W,,
5.885354,D,,
5.885613,R,,
5.885872,7,,
5.886131,F,,
5.88639,0,,
5.886649,1,,
5.886908,0,,
5.887166,0,,
5.887425,\r,,
5.887684,\n,,
5.894794,S,,
5.895053,W,,
5.895312,D,,
5.895571,R,,
5.89583,7,,
5.896089,E,,
5.896348,0,,
5.896607,1,,
5.896866,0,,
5.897124,0,,
5.897383,\r,,
5.897642,\n,,
5.954541,S,,
5.9548,W,,
5.955059,D,,
5.955317,R,,
5.955576,7,,
5.955835,F,,
5.956094,0,,
5.956353,1,,
5.956612,0,,
5.956871,0,,
5.95713,\r,,
5.957389,\n,,
5.964499,S,,
5.964758,W,,
5.965017,D,,
5.965276,R,,
5.965534,7,,
5.965793,E,,
5.966052,0,,
5.966311,1,,
5.96657,0,,
5.966829,0,,
5.967088,\r,,
5.967347,\n,,
6.004334,S,,
6.004593,W,,
6.004852,D,,
6.005111,R,,
6.00537,7,,
6.005629,F,,
6.005888,0,,
6.006146,1,,
6.006405,0,,
6.006664,0,,
6.006923,\r,,
6.007182,\n,,
6.014294,S,,
6.014553,W,,
6.014812,D,,
6.01507,R,,
6.015329,7,,
6.015588,E,,
6.015847,0,,
6.016106,1,,
6.016365,0,,
6.016624,0,,
6.016883,\r,,
6.017142,\n,,
6.054145,S,,
6.054404,W,,
6.054663,D,,
6.054922,R,,
6.055181,7,,
6.05544,F,,
6.055699,0,,
6.055958,1,,
6.056216,0,,
6.056475,0,,
6.056734,\r,,
6.056993,\n,,
6.064103,S,,
6.064362,W,,
6.064621,D,,
6.06488,R,,
6.065138,7,,
6.065398,E,,
6.065657,0,,
6.065916,1,,
6.066174,0,,
6.066433,0,,
6.066692,\r,,
6.066951,\n,,
6.163659,S,,
6.163918,W,,
6.164177,D,,
6.164436,R,,
6.164695,7,,
6.164953,D,,
6.165212,0,,
6.165471,1,,
6.16573,0,,
6.165989,0,,
6.166248,\r,,
6.166507,\n,,
6.173638,S,,
6.173897,W,,
6.174156,D,,
6.174415,R,,
6.174674,7,,
6.174932,E,,
6.175191,0,,
6.17545,1,,
6.175709,0,,
6.175968,0,,
6.176227,\r,,
6.176486,\n,,
6.223412,S,,
6.223671,W,,
6.22393,D,,
6.224188,R,,
6.224447,7,,
6.224706,F,,
6.224965,0,,
6.225224,1,,
6.225483,0,,
6.225742,0,,
6.226001,\r,,
6.22626,\n,,
6.233388,S,,
6.233647,W,,
6.233905,D,,
6.234164,R,,
6.234423,7,,
6.234682,E,,
6.234941,0,,
6.2352,1,,
6.235459,0,,
6.235718,0,,
6.235977,\r,,
6.236236,\n,,
6.273189,S,,
6.273448,W,,
6.273707,D,,
6.273966,R,,
6.274225,7,,
6.274483,F,,
6.274742,0,,
6.275001,1,,
6.27526,0,,
6.275519,0,,
6.275778,\r,,
6.276037,\n,,
6.283147,S,,
6.283406,W,,
6.283665,D,,
6.283924,R,,
6.284183,7,,
6.284441,E,,
6.2847,0,,
6.284959,1,,
6.285218,0,,
6.285477,0,,
6.285736,\r,,
6.285995,\n,,
6.303061,S,,
6.30332,W,,
6.303579,D,,
6.303838,R,,
6.304097,7,,
6.304356,F,,
6.304615,0,,
6.304874,1,,
6.305132,0,,
6.305391,0,,
6.30565,\r,,
6.305909,\n,,
6.313047,S,,
6.313306,W,,
6.313565,D,,
6.313823,R,,
6.314082,7,,
6.314341,E,,
6.3146,0,,
6.314859,1,,
6.315118,0,,
6.315377,0,,
6.315636,\r,,
6.315895,\n,,
6.352851,S,,
6.35311,W,,
6.353369,D,,
6.353628,R,,
6.353887,7,,
6.354146,F,,
6.354405,0,,
6.354664,1,,
6.354922,0,,
6.355181,0,,
6.35544,\r,,
6.355699,\n,,
6.362808,S,,
6.363066,W,,
6.363325,D,,
6.363584,R,,
6.363843,7,,
6.364102,E,,
6.364361,0,,
6.364621,1,,
6.36488,0,,
6.365138,0,,
6.365397,\r,,
6.365656,\n,,
6.402665,S,,
6.402924,W,,
6.403183,D,,
6.403442,R,,
6.403701,7,,
6.40396,F,,
6.404219,0,,
6.404478,1,,
6.404737,0,,
6.404996,0,,
6.405254,\r,,
6.405513,\n,,
6.412623,S,,
6.412882,W,,
6.413141,D,,
6.413401,R,,
6.413659,7,,
6.413918,E,,
6.414177,0,,
6.414436,1,,
6.414695,0,,
6.414954,0,,
6.415212,\r,,
6.415471,\n,,
6.442497,S,,
6.442756,W,,
6.443015,D,,
6.443274,R,,
6.443533,7,,
6.443792,D,,
6.444051,0,,
6.44431,1,,
6.444569,0,,
6.444828,0,,
6.445086,\r,,
6.445345,\n,,
6.452433,S,,
6.452692,W,,
6.452951,D,,
6.45321,R,,
6.453468,7,,
6.453727,E,,
6.453986,0,,
6.454245,1,,
6.454504,0,,
6.454763,0,,
6.455022,\r,,
6.455281,\n,,
6.47237,S,,
6.472629,W,,
6.472888,D,,
6.473147,R,,
6.473406,7,,
6.473664,D,,
6.473923,0,,
6.474182,1,,
6.474441,0,,
6.4747,0,,
6.474959,\r,,
6.475218,\n,,
6.4823,S,,
6.482559,W,,
6.482818,D,,
6.483077,R,,
6.483336,7,,
6.483595,E,,
6.483854,0,,
6.484113,1,,
6.484372,0,,
6.48463,0,,
6.484889,\r,,
6.485148,\n,,
6.571958,S,,
6.572217,W,,
6.572476,D,,
6.572735,R,,
6.572994,7,,
6.573253,F,,
6.573511,0,,
6.57377,1,,
6.574029,0,,
6.574288,0,,
6.574547,\r,,
6.574806,\n,,
6.581885,S,,
6.582144,W,,
6.582403,D,,
6.582662,R,,
6.582921,7,,
6.58318,E,,
6.583439,0,,
6.583698,1,,
6.583956,0,,
6.584215,0,,
6.584474,\r,,
6.584733,\n,,
6.661567,S,,
6.661826,W,,
6.662085,D,,
6.662344,R,,
6.662603,7,,
6.662862,F,,
6.66312,0,,
6.663379,1,,
6.663638,0,,
6.663897,0,,
6.664156,\r,,
6.664415,\n,,
6.671499,S,,
6.671758,W,,
6.672017,D,,
6.672276,R,,
6.672535,7,,
6.672794,E,,
6.673053,0,,
6.673311,1,,
6.67357,0,,
6.673829,0,,
6.674088,\r,,
6.674347,\n,,
6.691441,S,,
6.6917,W,,
6.691959,D,,
6.692218,R,,
6.692477,7,,
6.692736,F,,
6.692994,0,,
6.693253,1,,
6.693512,0,,
6.693771,0,,
6.69403,\r,,
6.694289,\n,,
6.701399,S,,
6.701658,W,,
6.701917,D,,
6.702176,R,,
6.702435,7,,
6.702694,E,,
6.702953,0,,
6.703211,1,,
6.70347,0,,
6.703729,0,,
6.703988,\r,,
6.704247,\n,,
6.751171,S,,
6.75143,W,,
6.751689,D,,
6.751948,R,,
6.752207,7,,
6.752466,F,,
6.752725,0,,
6.752984,1,,
6.753243,0,,
6.753501,0,,
6.75376,\r,,
6.754019,\n,,
6.761145,S,,
6.761404,W,,
6.761663,D,,
6.761922,R,,
6.762181,7,,
6.76244,E,,
6.762699,0,,
6.762958,1,,
6.763217,0,,
6.763476,0,,
6.763734,\r,,
6.763993,\n,,
6.810911,S,,
6.81117,W,,
6.811429,D,,
6.811688,R,,
6.811947,7,,
6.812206,F,,
6.812465,0,,
6.812724,1,,
6.812983,0,,
6.813241,0,,
6.8135,\r,,
6.813759,\n,,
6.820897,S,,
6.821156,W,,
6.821414,D,,
6.821673,R,,
6.821932,7,,
6.822191,E,,
6.82245,0,,
6.822709,1,,
6.822968,0,,
6.823227,0,,
6.823486,\r,,
6.823745,\n,,
6.830834,S,,
6.831093,W,,
6.831352,D,,
6.83161,R,,
6.831869,7,,
6.832128,F,,
6.832387,0,,
6.832646,1,,
6.832905,0,,
6.833165,0,,
6.833423,\r,,
6.833682,\n,,
6.840808,S,,
6.841067,W,,
6.841326,D,,
6.841584,R,,
6.841844,7,,
6.842102,E,,
6.842361,0,,
6.84262,1,,
6.842879,0,,
6.843138,0,,
6.843397,\r,,
6.843656,\n,,
6.860708,S,,
6.860967,W,,
6.861226,D,,
6.861484,R,,
6.861743,7,,
6.862002,F,,
6.862261,0,,
6.86252,1,,
6.862779,0,,
6.863038,0,,
6.863297,\r,,
6.863556,\n,,
6.87068,S,,
6.870939,W,,
6.871198,D,,
6.871457,R,,
6.871716,7,,
6.871975,E,,
6.872234,0,,
6.872493,1,,
6.872752,0,,
6.87301,0,,
6.873269,\r,,
6.873528,\n,,
6.910512,S,,
6.910771,W,,
6.91103,D,,
6.911289,R,,
6.911548,7,,
6.911807,F,,
6.912066,0,,
6.912325,1,,
6.912584,0,,
6.912842,0,,
6.913101,\r,,
6.91336,\n,,
6.920469,S,,
6.920728,W,,
6.920987,D,,
6.921245,R,,
6.921504,7,,
6.921763,E,,
6.922022,0,,
6.922281,1,,
6.92254,0,,
6.922799,0,,
6.923058,\r,,
6.923317,\n,,
6.970231,S,,
6.97049,W,,
6.970749,D,,
6.971008,R,,
6.971267,7,,
6.971525,F,,
6.971785,0,,
6.972044,1,,
6.972302,0,,
6.972561,0,,
6.97282,\r,,
6.973079,\n,,
6.980189,S,,
6.980448,W,,
6.980707,D,,
6.980966,R,,
6.981225,7,,
6.981484,E,,
6.981743,0,,
6.982002,1,,
6.982261,0,,
6.982519,0,,
6.982778,\r,,
6.983037,\n,,
7.010063,S,,
7.010322,W,,
7.010581,D,,
7.01084,R,,
7.011099,7,,
7.011358,F,,
7.011617,0,,
7.011876,1,,
7.012135,0,,
7.012393,0,,
7.012652,\r,,
7.012911,\n,,
7.020046,S,,
7.020304,W,,
7.020563,D,,
7.020822,R,,
7.021081,7,,
7.02134,E,,
7.021599,0,,
7.021858,1,,
7.022117,0,,
7.022376,0,,
7.022635,\r,,
7.022893,\n,,
7.04992,S,,
7.050179,W,,
7.050437,D,,
7.050696,R,,
7.050955,7,,
7.051214,D,,
7.051473,0,,
7.051732,1,,
7.051991,0,,
7.05225,0,,
7.052509,\r,,
7.052768,\n,,
7.059867,S,,
7.060127,W,,
7.060386,D,,
7.060645,R,,
7.060904,7,,
7.061162,E,,
7.061421,0,,
7.06168,1,,
7.061939,0,,
7.062198,0,,
7.062457,\r,,
7.062716,\n,,
7.0997,S,,
7.099959,W,,
7.100218,D,,
7.100477,R,,
7.100736,7,,
7.100994,F,,
7.101253,0,,
7.101513,1,,
7.101772,0,,
7.10203,0,,
7.102289,\r,,
7.102548,\n,,
7.10964,S,,
7.109899,W,,
7.110158,D,,
7.110417,R,,
7.110676,7,,
7.110935,E,,
7.111194,0,,
7.111453,1,,
7.111711,0,,
7.11197,0,,
7.112229,\r,,
7.112488,\n,,
7.139517,S,,
7.139776,W,,
7.140035,D,,
7.140294,R,,
7.140553,7,,
7.140812,F,,
7.141071,0,,
7.14133,1,,
7.141589,0,,
7.141848,0,,
7.142106,\r,,
7.142365,\n,,
7.149477,S,,
7.149736,W,,
7.149995,D,,
7.150254,R,,
7.150513,7,,
7.150772,E,,
7.15103,0,,
7.151289,1,,
7.151548,0,,
7.151807,0,,
7.152066,\r,,
7.152325,\n,,
7.318791,S,,
7.31905,W,,
7.319309,D,,
7.319568,R,,
7.319826,7,,
7.320086,F,,
7.320344,0,,
7.320603,1,,
7.320862,0,,
7.321121,0,,
7.32138,\r,,
7.321639,\n,,
7.328715,S,,
7.328974,W,,
7.329232,D,,
7.329491,R,,
7.32975,7,,
7.330009,E,,
7.330268,0,,
7.330527,1,,
7.330786,0,,
7.331045,0,,
7.331304,\r,,
7.331563,\n,,
7.398414,S,,
7.398673,W,,
7.398932,D,,
7.399191,R,,
7.39945,7,,
7.399709,F,,
7.399968,0,,
7.400227,1,,
7.400486,0,,
7.400744,0,,
7.401003,\r,,
7.401262,\n,,
7.408398,S,,
7.408657,W,,
7.408916,D,,
7.409175,R,,
7.409434,7,,
7.409693,E,,
7.409951,0,,
7.41021,1,,
7.410469,0,,
7.410728,0,,
7.410987,\r,,
7.411246,\n,,
7.428298,S,,
7.428557,W,,
7.428816,D,,
7.429075,R,,
7.429334,7,,
7.429592,F,,
7.429851,0,,
7.43011,1,,
7.430369,0,,
7.430628,0,,
7.430887,\r,,
7.431146,\n,,
7.438245,S,,
7.438503,W,,
7.438762,D,,
7.439021,R,,
7.43928,7,,
7.439539,E,,
7.439798,0,,
7.440057,1,,
7.440316,0,,
7.440575,0,,
7.440834,\r,,
7.441092,\n,,
7.468119,S,,
7.468377,W,,
7.468636,D,,
7.468895,R,,
7.469154,7,,
7.469413,F,,
7.469672,0,,
7.469931,1,,
7.47019,0,,
7.470449,0,,
7.470708,\r,,
7.470966,\n,,
7.478075,S,,
7.478333,W,,
7.478592,D,,
7.478851,R,,
7.47911,7,,
7.479369,E,,
7.479628,0,,
7.479887,1,,
7.480146,0,,
7.480405,0,,
7.480664,\r,,
7.480923,\n,,
7.498026,S,,
7.498286,W,,
7.498544,D,,
7.498803,R,,
7.499062,7,,
7.499321,F,,
7.49958,0,,
7.499839,1,,
7.500098,0,,
7.500357,0,,
7.500615,\r,,
7.500874,\n,,
7.507948,S,,
7.508206,W,,
7.508465,D,,
7.508725,R,,
7.508983,7,,
7.509242,E,,
7.509501,0,,
7.50976,1,,
7.510018,0,,
7.510277,0,,
7.510536,\r,,
7.510795,\n,,
7.527863,S,,
7.528122,W,,
7.528381,D,,
7.52864,R,,
7.528899,7,,
7.529158,D,,
7.529417,0,,
7.529676,1,,
7.529934,0,,
7.530193,0,,
7.530452,\r,,
7.530711,\n,,
7.537818,S,,
7.538077,W,,
7.538336,D,,
7.538595,R,,
7.538854,7,,
7.539113,E,,
7.539371,0,,
7.53963,1,,
7.539889,0,,
7.540148,0,,
7.540407,\r,,
7.540666,\n,,
7.587621,S,,
7.58788,W,,
7.588139,D,,
7.588398,R,,
7.588656,7,,
7.588915,F,,
7.589174,0,,
7.589433,1,,
7.589692,0,,
7.589951,0,,
7.59021,\r,,
7.590469,\n,,
7.59755,S,,
7.597809,W,,
7.598068,D,,
7.598326,R,,
7.598585,7,,
7.598844,E,,
7.599103,0,,
7.599362,1,,
7.599621,0,,
7.59988,0,,
7.600139,\r,,
7.600398,\n,,
7.627427,S,,
7.627686,W,,
7.627945,D,,
7.628204,R,,
7.628462,7,,
7.628721,F,,
7.62898,0,,
7.629239,1,,
7.629498,0,,
7.629757,0,,
7.630016,\r,,
7.630275,\n,,
7.637374,S,,
7.637632,W,,
7.637891,D,,
7.63815,R,,
7.638409,7,,
7.638668,E,,
7.638927,0,,
7.639186,1,,
7.639445,0,,
7.639704,0,,
7.639963,\r,,
7.640221,\n,,
7.647333,S,,
7.647592,W,,
7.647851,D,,
7.64811,R,,
7.648369,7,,
7.648628,F,,
7.648887,0,,
7.649146,1,,
7.649404,0,,
7.649663,0,,
7.649922,\r,,
7.650181,\n,,
7.667251,S,,
7.66751,W,,
7.667769,D,,
7.668028,R,,
7.668286,7,,
7.668545,E,,
7.668804,0,,
7.669063,1,,
7.669322,0,,
7.669581,0,,
7.669839,\r,,
7.670099,\n,,
7.677212,S,,
7.677471,W,,
7.67773,D,,
7.677989,R,,
7.678248,7,,
7.678507,F,,
7.678766,0,,
7.679024,1,,
7.679283,0,,
7.679542,0,,
7.679801,\r,,
7.680061,\n,,
7.687164,S,,
7.687423,W,,
7.687681,D,,
7.68794,R,,
7.688199,7,,
7.688458,E,,
7.688717,0,,
7.688976,1,,
7.689235,0,,
7.689494,0,,
7.689753,\r,,
7.690012,\n,,
7.736952,S,,
7.737211,W,,
7.73747,D,,
7.737729,R,,
7.737987,7,,
7.738247,D,,
7.738505,0,,
7.738764,1,,
7.739024,0,,
7.739282,0,,
7.739541,\r,,
7.7398,\n,,
7.74691,S,,
7.747169,W,,
7.747428,D,,
7.747687,R,,
7.747946,7,,
7.748205,E,,
7.748464,0,,
7.748722,1,,
7.748982,0,,
7.74924,0,,
7.749499,\r,,
7.749758,\n,,
7.756868,S,,
7.757127,W,,
7.757386,D,,
7.757645,R,,
7.757904,7,,
7.758163,F,,
7.758421,0,,
7.75868,1,,
7.75894,0,,
7.759198,0,,
7.759457,\r,,
7.759716,\n,,
7.766873,S,,
7.767132,W,,
7.767391,D,,
7.76765,R,,
7.767909,7,,
7.768167,E,,
7.768426,0,,
7.768685,1,,
7.768944,0,,
7.769203,0,,
7.769462,\r,,
7.769721,\n,,
7.806656,S,,
7.806915,W,,
7.807174,D,,
7.807433,R,,
7.807692,7,,
7.807951,D,,
7.80821,0,,
7.808469,1,,
7.808728,0,,
7.808987,0,,
7.809245,\r,,
7.809504,\n,,
7.816697,S,,
7.816956,W,,
7.817215,D,,
7.817474,R,,
7.817733,7,,
7.817991,E,,
7.81825,0,,
7.818509,1,,
7.818768,0,,
7.819027,0,,
7.819286,\r,,
7.819545,\n,,
7.886515,S,,
7.886774,W,,
7.887032,D,,
7.887291,R,,
7.88755,7,,
7.887809,D,,
7.888068,0,,
7.888327,1,,
7.888586,0,,
7.888845,0,,
7.889104,\r,,
7.889363,\n,,
7.896473,S,,
7.896732,W,,
7.89699,D,,
7.897249,R,,
7.897508,7,,
7.897767,F,,
7.898026,0,,
7.898285,1,,
7.898544,0,,
7.898803,0,,
7.899062,\r,,
7.899321,\n,,
7.90627,S,,
7.906529,W,,
7.906788,D,,
7.907047,R,,
7.907306,7,,
7.907565,E,,
7.907824,0,,
7.908083,1,,
7.908342,0,,
7.908601,0,,
7.908859,\r,,
7.909118,\n,,
7.966017,S,,
7.966276,W,,
7.966535,D,,
7.966794,R,,
7.967052,7,,
7.967311,F,,
7.96757,0,,
7.967829,1,,
7.968088,0,,
7.968347,0,,
7.968606,\r,,
7.968865,\n,,
7.975991,S,,
7.97625,W,,
7.976509,D,,
7.976768,R,,
7.977027,7,,
7.977286,E,,
7.977544,0,,
7.977803,1,,
7.978062,0,,
7.978321,0,,
7.97858,\r,,
7.978839,\n,,
7.985923,S,,
7.986182,W,,
7.986441,D,,
7.9867,R,,
7.986959,7,,
7.987218,D,,
7.987477,0,,
7.987735,1,,
7.987994,0,,
7.988253,0,,
7.988512,\r,,
7.988771,\n,,
7.995907,S,,
7.996166,W,,
7.996425,D,,
7.996684,R,,
7.996943,7,,
7.997202,E,,
7.99746,0,,
7.997719,1,,
7.997978,0,,
7.998237,0,,
7.998496,\r,,
7.998755,\n,,
8.015807,S,,
8.016066,W,,
8.016325,D,,
8.016584,R,,
8.016842,7,,
8.017101,D,,
8.01736,0,,
8.017619,1,,
8.017878,0,,
8.018137,0,,
8.018396,\r,,
8.018654,\n,,
8.025753,S,,
8.026012,W,,
8.026271,D,,
8.02653,R,,
8.026789,7,,
8.027048,E,,
8.027307,0,,
8.027566,1,,
8.027825,0,,
8.028084,0,,
8.028343,\r,,
8.028601,\n,,
8.035711,S,,
8.03597,W,,
8.036229,D,,
8.036488,R,,
8.036747,7,,
8.037006,D,,
8.037265,0,,
8.037524,1,,
8.037783,0,,
8.038042,0,,
8.038301,\r,,
8.038559,\n,,
8.04568,S,,
8.04594,W,,
8.046199,D,,
8.046457,R,,
8.046716,7,,
8.046975,E,,
8.047234,0,,
8.047493,1,,
8.047752,0,,
8.048011,0,,
8.04827,\r,,
8.048529,\n,,
8.065585,S,,
8.065844,W,,
8.066103,D,,
8.066362,R,,
8.066621,7,,
8.06688,D,,
8.067139,0,,
8.067398,1,,
8.067657,0,,
8.067915,0,,
8.068174,\r,,
8.068433,\n,,
8.075542,S,,
8.075801,W,,
8.07606,D,,
8.076318,R,,
8.076577,7,,
8.076836,E,,
8.077095,0,,
8.077354,1,,
8.077613,0,,
8.077872,0,,
8.078131,\r,,
8.07839,\n,,
8.095498,S,,
8.095757,W,,
8.096016,D,,
8.096275,R,,
8.096534,7,,
8.096793,F,,
8.097052,0,,
8.097311,1,,
8.097569,0,,
8.097828,0,,
8.098087,\r,,
8.098346,\n,,
8.105422,S,,
8.105681,W,,
8.10594,D,,
8.106199,R,,
8.106458,7,,
8.106717,E,,
8.106976,0,,
8.107235,1,,
8.107494,0,,
8.107752,0,,
8.108011,\r,,
8.10827,\n,,
8.165191,S,,
8.16545,W,,
8.165709,D,,
8.165968,R,,
8.166227,7,,
8.166486,F,,
8.166745,0,,
8.167004,1,,
8.167263,0,,
8.167521,0,,
8.16778,\r,,
8.168039,\n,,
8.175153,S,,
8.175411,W,,
8.17567,D,,
8.175929,R,,
8.176188,7,,
8.176447,E,,
8.176706,0,,
8.176965,1,,
8.177224,0,,
8.177483,0,,
8.177742,\r,,
8.178,\n,,
8.205012,S,,
8.205271,W,,
8.20553,D,,
8.205789,R,,
8.206048,7,,
8.206307,F,,
8.206565,0,,
8.206824,1,,
8.207083,0,,
8.207342,0,,
8.207601,\r,,
8.20786,\n,,
8.214951,S,,
8.21521,W,,
8.215468,D,,
8.215727,R,,
8.215986,7,,
8.216245,E,,
8.216504,0,,
8.216763,1,,
8.217022,0,,
8.217281,0,,
8.21754,\r,,
8.217799,\n,,
8.254781,S,,
8.25504,W,,
8.255299,D,,
8.255558,R,,
8.255817,7,,
8.256076,F,,
8.256334,0,,
8.256593,1,,
8.256852,0,,
8.257111,0,,
8.25737,\r,,
8.257629,\n,,
8.264741,S,,
8.265,W,,
8.265258,D,,
8.265517,R,,
8.265776,7,,
8.266035,E,,
8.266294,0,,
8.266553,1,,
8.266812,0,,
8.267071,0,,
8.26733,\r,,
8.267589,\n,,
8.294613,S,,
8.294872,W,,
8.295131,D,,
8.29539,R,,
8.295649,7,,
8.295908,F,,
8.296166,0,,
8.296425,1,,
8.296684,0,,
8.296943,0,,
8.297202,\r,,
8.297461,\n,,
8.304571,S,,
8.30483,W,,
8.305089,D,,
8.305348,R,,
8.305607,7,,
8.305865,E,,
8.306124,0,,
8.306383,1,,
8.306642,0,,
8.306901,0,,
8.30716,\r,,
8.307419,\n,,
8.314529,S,,
8.314788,W,,
8.315047,D,,
8.315306,R,,
8.315565,7,,
8.315823,F,,
8.316082,0,,
8.316341,1,,
8.3166,0,,
8.316859,0,,
8.317118,\r,,
8.317377,\n,,
8.324487,S,,
8.324746,W,,
8.325005,D,,
8.325264,R,,
8.325523,7,,
8.325781,E,,
8.32604,0,,
8.326299,1,,
8.326558,0,,
8.326817,0,,
8.327076,\r,,
8.327335,\n,,
8.334471,S,,
8.33473,W,,
8.334989,D,,
8.335248,R,,
8.335506,7,,
8.335765,F,,
8.336024,0,,
8.336283,1,,
8.336542,0,,
8.336801,0,,
8.33706,\r,,
8.337319,\n,,
8.344427,S,,
8.344686,W,,
8.344945,D,,
8.345204,R,,
8.345462,7,,
8.345721,E,,
8.345981,0,,
8.34624,1,,
8.346498,0,,
8.346757,0,,
8.347016,\r,,
8.347275,\n,,
8.354359,S,,
8.354618,W,,
8.354877,D,,
8.355136,R,,
8.355395,7,,
8.355654,F,,
8.355913,0,,
8.356172,1,,
8.35643,0,,
8.356689,0,,
8.356948,\r,,
8.357207,\n,,
8.364317,S,,
8.364576,W,,
8.364835,D,,
8.365094,R,,
8.365353,7,,
8.365612,E,,
8.365871,0,,
8.36613,1,,
8.366388,0,,
8.366647,0,,
8.366906,\r,,
8.367165,\n,,
8.394227,S,,
8.394486,W,,
8.394745,D,,
8.395004,R,,
8.395262,7,,
8.395521,D,,
8.39578,0,,
8.396039,1,,
8.396298,0,,
8.396557,0,,
8.396816,\r,,
8.397075,\n,,
8.404148,S,,
8.404407,W,,
8.404665,D,,
8.404924,R,,
8.405183,7,,
8.405442,E,,
8.405702,0,,
8.40596,1,,
8.406219,0,,
8.406478,0,,
8.406737,\r,,
8.406996,\n,,
8.414117,S,,
8.414376,W,,
8.414635,D,,
8.414894,R,,
8.415153,7,,
8.415411,F,,
8.41567,0,,
8.415929,1,,
8.416188,0,,
8.416447,0,,
8.416706,\r,,
8.416965,\n,,
8.424064,S,,
8.424323,W,,
8.424581,D,,
8.42484,R,,
8.425099,7,,
8.425358,E,,
8.425617,0,,
8.425876,1,,
8.426135,0,,
8.426394,0,,
8.426653,\r,,
8.426912,\n,,
8.473873,S,,
8.474132,W,,
8.474391,D,,
8.47465,R,,
8.474909,7,,
8.475168,D,,
8.475426,0,,
8.475685,1,,
8.475944,0,,
8.476203,0,,
8.476462,\r,,
8.476721,\n,,
8.483836,S,,
8.484095,W,,
8.484354,D,,
8.484613,R,,
8.484872,7,,
8.48513,E,,
8.485389,0,,
8.485648,1,,
8.485907,0,,
8.486166,0,,
8.486425,\r,,
8.486684,\n,,
8.533608,S,,
8.533867,W,,
8.534126,D,,
8.534385,R,,
8.534644,7,,
8.534903,F,,
8.535162,0,,
8.53542,1,,
8.535679,0,,
8.535938,0,,
8.536197,\r,,
8.536456,\n,,
8.543582,S,,
8.543841,W,,
8.5441,D,,
8.544359,R,,
8.544618,7,,
8.544877,E,,
8.545135,0,,
8.545394,1,,
8.545654,0,,
8.545912,0,,
8.546171,\r,,
8.54643,\n,,
8.583398,S,,
8.583657,W,,
8.583916,D,,
8.584175,R,,
8.584434,7,,
8.584693,F,,
8.584952,0,,
8.58521,1,,
8.585469,0,,
8.585728,0,,
8.585987,\r,,
8.586246,\n,,
8.593351,S,,
8.59361,W,,
8.593869,D,,
8.594128,R,,
8.594387,7,,
8.594646,E,,
8.594905,0,,
8.595164,1,,
8.595423,0,,
8.595681,0,,
8.59594,\r,,
8.596199,\n,,
8.633182,S,,
8.633441,W,,
8.633699,D,,
8.633959,R,,
8.634217,7,,
8.634477,F,,
8.634736,0,,
8.634994,1,,
8.635253,0,,
8.635512,0,,
8.635771,\r,,
8.63603,\n,,
8.643135,S,,
8.643394,W,,
8.643653,D,,
8.643912,R,,
8.64417,7,,
8.644429,E,,
8.644688,0,,
8.644947,1,,
8.645206,0,,
8.645465,0,,
8.645724,\r,,
8.645983,\n,,
8.663049,S,,
8.663309,W,,
8.663567,D,,
8.663826,R,,
8.664085,7,,
8.664344,F,,
8.664603,0,,
8.664862,1,,
8.66512,0,,
8.665379,0,,
8.665638,\r,,
8.665897,\n,,
8.673033,S,,
8.673292,W,,
8.673551,D,,
8.67381,R,,
8.674069,7,,
8.674328,E,,
8.674587,0,,
8.674845,1,,
8.675104,0,,
8.675363,0,,
8.675622,\r,,
8.675881,\n,,
8.682983,S,,
8.683242,W,,
8.683501,D,,
8.68376,R,,
8.684019,7,,
8.684278,F,,
8.684536,0,,
8.684795,1,,
8.685054,0,,
8.685313,0,,
8.685572,\r,,
8.685831,\n,,
8.692949,S,,
8.693208,W,,
8.693467,D,,
8.693726,R,,
8.693985,7,,
8.694244,E,,
8.694503,0,,
8.694762,1,,
8.69502,0,,
8.695279,0,,
8.695538,\r,,
8.695797,\n,,
8.70291,S,,
8.703169,W,,
8.703428,D,,
8.703687,R,,
8.703946,7,,
8.704205,F,,
8.704464,0,,
8.704723,1,,
8.704982,0,,
8.705241,0,,
8.705499,\r,,
8.705758,\n,,
8.712847,S,,
8.713106,W,,
8.713365,D,,
8.713624,R,,
8.713883,7,,
8.714142,E,,
8.714401,0,,
8.71466,1,,
8.714919,0,,
8.715178,0,,
8.715436,\r,,
8.715696,\n,,
8.722802,S,,
8.723061,W,,
8.72332,D,,
8.723579,R,,
8.723838,7,,
8.724097,F,,
8.724356,0,,
8.724614,1,,
8.724873,0,,
8.725132,0,,
8.725391,\r,,
8.72565,\n,,
8.732754,S,,
8.733013,W,,
8.733272,D,,
8.73353,R,,
8.733789,7,,
8.734048,E,,
8.734307,0,,
8.734566,1,,
8.734825,0,,
8.735084,0,,
8.735343,\r,,
8.735602,\n,,
8.742712,S,,
8.742971,W,,
8.74323,D,,
8.743488,R,,
8.743747,7,,
8.744006,F,,
8.744265,0,,
8.744524,1,,
8.744783,0,,
8.745042,0,,
8.745301,\r,,
8.74556,\n,,
8.762659,S,,
8.762917,W,,
8.763176,D,,
8.763435,R,,
8.763694,7,,
8.763953,E,,
8.764212,0,,
8.764471,1,,
8.76473,0,,
8.764989,0,,
8.765248,\r,,
8.765506,\n,,
8.772612,S,,
8.772871,W,,
8.77313,D,,
8.773388,R,,
8.773647,7,,
8.773906,F,,
8.774165,0,,
8.774424,1,,
8.774683,0,,
8.774942,0,,
8.775201,\r,,
8.77546,\n,,
8.7925,S,,
8.792759,W,,
8.793018,D,,
8.793277,R,,
8.793536,7,,
8.793795,E,,
8.794054,0,,
8.794313,1,,
8.794571,0,,
8.79483,0,,
8.795089,\r,,
8.795348,\n,,
8.802458,S,,
8.802717,W,,
8.802976,D,,
8.803235,R,,
8.803494,7,,
8.803753,F,,
8.804012,0,,
8.804271,1,,
8.804529,0,,
8.804788,0,,
8.805047,\r,,
8.805306,\n,,
8.812416,S,,
8.812675,W,,
8.812934,D,,
8.813193,R,,
8.813452,7,,
8.813711,E,,
8.81397,0,,
8.814229,1,,
8.814487,0,,
8.814746,0,,
8.815005,\r,,
8.815264,\n,,
8.832358,S,,
8.832617,W,,
8.832876,D,,
8.833135,R,,
8.833394,7,,
8.833653,F,,
8.833912,0,,
8.83417,1,,
8.834429,0,,
8.834688,0,,
8.834947,\r,,
8.835206,\n,,
8.842316,S,,
8.842575,W,,
8.842834,D,,
8.843093,R,,
8.843352,7,,
8.843611,E,,
8.843869,0,,
8.844128,1,,
8.844387,0,,
8.844646,0,,
8.844905,\r,,
8.845164,\n,,
8.862205,S,,
8.862464,W,,
8.862722,D,,
8.862981,R,,
8.86324,7,,
8.863499,F,,
8.863758,0,,
8.864017,1,,
8.864276,0,,
8.864535,0,,
8.864794,\r,,
8.865052,\n,,
8.872163,S,,
8.872422,W,,
8.87268,D,,
8.872939,R,,
8.873198,7,,
8.873457,E,,
8.873716,0,,
8.873975,1,,
8.874234,0,,
8.874493,0,,
8.874752,\r,,
8.875011,\n,,
8.961786,S,,
8.962045,W,,
8.962304,D,,
8.962563,R,,
8.962822,7,,
8.963081,F,,
8.96334,0,,
8.963599,1,,
8.963858,0,,
8.964116,0,,
8.964375,\r,,
8.964634,\n,,
8.971772,S,,
8.972031,W,,
8.97229,D,,
8.972549,R,,
8.972807,7,,
8.973066,E,,
8.973325,0,,
8.973584,1,,
8.973843,0,,
8.974102,0,,
8.974361,\r,,
8.97462,\n,,
9.180853,S,,
9.181112,W,,
9.18137,D,,
9.181629,R,,
9.181888,7,,
9.182147,D,,
9.182406,0,,
9.182665,1,,
9.182924,0,,
9.183183,0,,
9.183442,\r,,
9.183701,\n,,
9.190811,S,,
9.19107,W,,
9.191328,D,,
9.191587,R,,
9.191846,7,,
9.192105,E,,
9.192364,0,,
9.192623,1,,
9.192882,0,,
9.193141,0,,
9.1934,\r,,
9.193659,\n,,
9.210753,S,,
9.211011,W,,
9.21127,D,,
9.211529,R,,
9.211788,7,,
9.212047,F,,
9.212306,0,,
9.212565,1,,
9.212824,0,,
9.213083,0,,
9.213342,\r,,
9.2136,\n,,
9.220711,S,,
9.220969,W,,
9.221228,D,,
9.221487,R,,
9.221746,7,,
9.222005,E,,
9.222264,0,,
9.222523,1,,
9.222782,0,,
9.223041,0,,
9.2233,\r,,
9.223558,\n,,
9.300357,S,,
9.300616,W,,
9.300875,D,,
9.301133,R,,
9.301392,7,,
9.301651,F,,
9.30191,0,,
9.302169,1,,
9.302428,0,,
9.302687,0,,
9.302946,\r,,
9.303205,\n,,
9.310315,S,,
9.310574,W,,
9.310833,D,,
9.311091,R,,
9.31135,7,,
9.311609,E,,
9.311868,0,,
9.312127,1,,
9.312386,0,,
9.312645,0,,
9.312905,\r,,
9.313163,\n,,
9.370061,S,,
9.37032,W,,
9.370579,D,,
9.370838,R,,
9.371097,7,,
9.371356,F,,
9.371615,0,,
9.371873,1,,
9.372132,0,,
9.372391,0,,
9.37265,\r,,
9.372909,\n,,
9.380035,S,,
9.380294,W,,
9.380553,D,,
9.380812,R,,
9.381071,7,,
9.38133,E,,
9.381589,0,,
9.381848,1,,
9.382107,0,,
9.382366,0,,
9.382624,\r,,
9.382883,\n,,
9.39993,S,,
9.400189,W,,
9.400448,D,,
9.400707,R,,
9.400966,7,,
9.401225,F,,
9.401484,0,,
9.401743,1,,
9.402002,0,,
9.402261,0,,
9.402519,\r,,
9.402778,\n,,
9.409882,S,,
9.410141,W,,
9.4104,D,,
9.410659,R,,
9.410918,7,,
9.411176,E,,
9.411435,0,,
9.411694,1,,
9.411953,0,,
9.412212,0,,
9.412471,\r,,
9.41273,\n,,
9.429796,S,,
9.430055,W,,
9.430314,D,,
9.430573,R,,
9.430832,7,,
9.431091,F,,
9.43135,0,,
9.431609,1,,
9.431868,0,,
9.432126,0,,
9.432385,\r,,
9.432644,\n,,
9.439782,S,,
9.440041,W,,
9.4403,D,,
9.440559,R,,
9.440817,7,,
9.441076,E,,
9.441335,0,,
9.441594,1,,
9.441853,0,,
9.442112,0,,
9.442371,\r,,
9.44263,\n,,
9.549289,S,,
9.549548,W,,
9.549807,D,,
9.550066,R,,
9.550324,7,,
9.550583,F,,
9.550842,0,,
9.551101,1,,
9.55136,0,,
9.551619,0,,
9.551878,\r,,
9.552137,\n,,
9.559275,S,,
9.559534,W,,
9.559792,D,,
9.560051,R,,
9.560311,7,,
9.560569,E,,
9.560828,0,,
9.561087,1,,
9.561346,0,,
9.561605,0,,
9.561864,\r,,
9.562123,\n,,
9.569207,S,,
9.569466,W,,
9.569725,D,,
9.569983,R,,
9.570242,7,,
9.570501,F,,
9.57076,0,,
9.571019,1,,
9.571278,0,,
9.571536,0,,
9.571795,\r,,
9.572054,\n,,
9.579163,S,,
9.579422,W,,
9.579681,D,,
9.57994,R,,
9.580199,7,,
9.580458,E,,
9.580717,0,,
9.580975,1,,
9.581234,0,,
9.581493,0,,
9.581752,\r,,
9.582011,\n,,
9.648868,S,,
9.649127,W,,
9.649385,D,,
9.649644,R,,
9.649903,7,,
9.650162,F,,
9.650421,0,,
9.65068,1,,
9.650939,0,,
9.651198,0,,
9.651457,\r,,
9.651716,\n,,
9.658826,S,,
9.659084,W,,
9.659343,D,,
9.659602,R,,
9.659861,7,,
9.66012,E,,
9.660379,0,,
9.660638,1,,
9.660896,0,,
9.661155,0,,
9.661415,\r,,
9.661674,\n,,
9.688735,S,,
9.688994,W,,
9.689253,D,,
9.689512,R,,
9.689771,7,,
9.69003,F,,
9.690289,0,,
9.690548,1,,
9.690807,0,,
9.691065,0,,
9.691324,\r,,
9.691583,\n,,
9.698677,S,,
9.698936,W,,
9.699195,D,,
9.699454,R,,
9.699713,7,,
9.699972,E,,
9.700231,0,,
9.700489,1,,
9.700748,0,,
9.701007,0,,
9.701266,\r,,
9.701525,\n,,
9.718572,S,,
9.718831,W,,
9.71909,D,,
9.719349,R,,
9.719608,7,,
9.719867,F,,
9.720126,0,,
9.720384,1,,
9.720643,0,,
9.720902,0,,
9.721161,\r,,
9.72142,\n,,
9.72853,S,,
9.728789,W,,
9.729049,D,,
9.729307,R,,
9.729566,7,,
9.729825,E,,
9.730084,0,,
9.730342,1,,
9.730601,0,,
9.73086,0,,
9.731119,\r,,
9.731378,\n,,
9.738487,S,,
9.738745,W,,
9.739004,D,,
9.739263,R,,
9.739522,7,,
9.739781,F,,
9.74004,0,,
9.740299,1,,
9.740558,0,,
9.740817,0,,
9.741076,\r,,
9.741335,\n,,
9.748445,S,,
9.748704,W,,
9.748962,D,,
9.749221,R,,
9.74948,7,,
9.749739,E,,
9.749998,0,,
9.750257,1,,
9.750516,0,,
9.750775,0,,
9.751034,\r,,
9.751293,\n,,
9.758425,S,,
9.758684,W,,
9.758943,D,,
9.759202,R,,
9.759461,7,,
9.75972,D,,
9.759979,0,,
9.760238,1,,
9.760497,0,,
9.760755,0,,
9.761014,\r,,
9.761273,\n,,
9.768383,S,,
9.768642,W,,
9.768901,D,,
9.76916,R,,
9.769419,7,,
9.769678,E,,
9.769937,0,,
9.770196,1,,
9.770455,0,,
9.770713,0,,
9.770972,\r,,
9.771231,\n,,
9.798256,S,,
9.798515,W,,
9.798774,D,,
9.799032,R,,
9.799291,7,,
9.79955,D,,
9.799809,0,,
9.800068,1,,
9.800328,0,,
9.800586,0,,
9.800845,\r,,
9.801104,\n,,
9.80819,S,,
9.808448,W,,
9.808707,D,,
9.808967,R,,
9.809225,7,,
9.809484,E,,
9.809743,0,,
9.810002,1,,
9.810261,0,,
9.81052,0,,
9.810778,\r,,
9.811037,\n,,
9.927679,S,,
9.927938,W,,
9.928197,D,,
9.928456,R,,
9.928715,7,,
9.928974,F,,
9.929232,0,,
9.929491,1,,
9.92975,0,,
9.930009,0,,
9.930268,\r,,
9.930527,\n,,
9.937618,S,,
9.937877,W,,
9.938135,D,,
9.938394,R,,
9.938653,7,,
9.938912,E,,
9.939171,0,,
9.93943,1,,
9.939689,0,,
9.939948,0,,
9.940207,\r,,
9.940466,\n,,
