Time [s],Value,Parity Error,Framing Error
0.863192,S,,
0.863451,W,,
0.86371,D,,
0.863969,S,,
0.864228,0,,
0.864487,0,,
0.864746,0,,
0.865005,0,,
0.865263,0,,
0.865522,0,,
0.865781,4,,
0.86604,0,,
0.866299,0,,
0.866558,1,,
0.866817,0,,
0.867076,0,,
0.867335,\r,,
0.867594,\n,,
0.97272,S,,
0.972979,W,,
0.973238,D,,
0.973497,S,,
0.973756,0,,
0.974015,0,,
0.974274,0,,
0.974532,0,,
0.974791,0,,
0.97505,0,,
0.975309,0,,
0.975568,0,,
0.975827,0,,
0.976086,1,,
0.976345,0,,
0.976604,0,,
0.976863,\r,,
0.977121,\n,,
1.042428,S,,
1.042687,W,,
1.042945,D,,
1.043204,S,,
1.043463,0,,
1.043722,0,,
1.043981,0,,
1.04424,0,,
1.044499,0,,
1.044758,0,,
1.045017,4,,
1.045276,0,,
1.045534,0,,
1.045793,1,,
1.046052,0,,
1.046311,0,,
1.04657,\r,,
1.046829,\n,,
1.132043,S,,
1.132302,W,,
1.132561,D,,
1.13282,S,,
1.133078,0,,
1.133337,0,,
1.133596,0,,
1.133855,0,,
1.134114,0,,
1.134373,0,,
1.134632,0,,
1.134891,0,,
1.13515,0,,
1.135409,1,,
1.135667,0,,
1.135926,0,,
1.136185,\r,,
1.136444,\n,,
1.211705,S,,
1.211964,W,,
1.212223,D,,
1.212482,S,,
1.212741,0,,
1.212999,0,,
1.213258,0,,
1.213517,0,,
1.213776,0,,
1.214035,0,,
1.214294,4,,
1.214553,0,,
1.214812,0,,
1.215071,1,,
1.21533,0,,
1.215588,0,,
1.215847,\r,,
1.216106,\n,,
1.291367,S,,
1.291626,W,,
1.291885,D,,
1.292144,S,,
1.292403,0,,
1.292662,0,,
1.292921,0,,
1.293179,0,,
1.293438,0,,
1.293697,0,,
1.293956,0,,
1.294215,0,,
1.294474,0,,
1.294733,1,,
1.294992,0,,
1.295251,0,,
1.29551,\r,,
1.295769,\n,,
1.371029,S,,
1.371288,W,,
1.371547,D,,
1.371806,S,,
1.372065,0,,
1.372324,0,,
1.372583,0,,
1.372842,0,,
1.373101,0,,
1.37336,0,,
1.373618,4,,
1.373877,0,,
1.374136,0,,
1.374395,1,,
1.374654,0,,
1.374913,0,,
1.375172,\r,,
1.375431,\n,,
1.45069,S,,
1.450949,W,,
1.451208,D,,
1.451467,S,,
1.451726,0,,
1.451985,0,,
1.452244,0,,
1.452502,0,,
1.452761,0,,
1.45302,0,,
1.453279,0,,
1.453538,0,,
1.453797,0,,
1.454056,1,,
1.454315,0,,
1.454574,0,,
1.454833,\r,,
1.455091,\n,,
1.54031,S,,
1.540569,W,,
1.540828,D,,
1.541087,S,,
1.541346,0,,
1.541605,0,,
1.541864,0,,
1.542123,0,,
1.542381,0,,
1.54264,0,,
1.542899,4,,
1.543158,0,,
1.543417,0,,
1.543676,1,,
1.543935,0,,
1.544194,0,,
1.544453,\r,,
1.544712,\n,,
1.610013,S,,
1.610272,W,,
1.610531,D,,
1.61079,S,,
1.611049,0,,
1.611307,0,,
1.611566,0,,
1.611825,0,,
1.612084,0,,
1.612343,0,,
1.612602,0,,
1.612861,0,,
1.61312,0,,
1.613379,1,,
1.613638,0,,
1.613896,0,,
1.614155,\r,,
1.614414,\n,,
1.689677,S,,
1.689936,W,,
1.690195,D,,
1.690454,S,,
1.690712,0,,
1.690971,0,,
1.69123,0,,
1.691489,0,,
1.691748,0,,
1.692007,0,,
1.692266,4,,
1.692525,0,,
1.692784,0,,
1.693043,1,,
1.693301,0,,
1.69356,0,,
1.693819,\r,,
1.694078,\n,,
1.759379,S,,
1.759638,W,,
1.759897,D,,
1.760156,S,,
1.760415,0,,
1.760674,0,,
1.760933,0,,
1.761192,0,,
1.761451,0,,
1.761709,0,,
1.761968,0,,
1.762227,0,,
1.762486,0,,
1.762745,1,,
1.763004,0,,
1.763263,0,,
1.763522,\r,,
1.763781,\n,,
1.829088,S,,
1.829347,W,,
1.829606,D,,
1.829865,S,,
1.830124,0,,
1.830383,0,,
1.830642,0,,
1.830901,0,,
1.83116,0,,
1.831419,0,,
1.831677,4,,
1.831936,0,,
1.832195,0,,
1.832454,1,,
1.832713,0,,
1.832972,0,,
1.833231,\r,,
1.83349,\n,,
1.898788,S,,
1.899047,W,,
1.899306,D,,
1.899564,S,,
1.899823,0,,
1.900082,0,,
1.900341,0,,
1.9006,0,,
1.900859,0,,
1.901118,0,,
1.901377,0,,
1.901636,0,,
1.901895,0,,
1.902153,1,,
1.902412,0,,
1.902671,0,,
1.90293,\r,,
1.903189,\n,,
1.97845,S,,
1.978709,W,,
1.978968,D,,
1.979227,S,,
1.979486,0,,
1.979744,0,,
1.980003,0,,
1.980262,0,,
1.980521,0,,
1.98078,0,,
1.981039,4,,
1.981298,0,,
1.981557,0,,
1.981816,1,,
1.982075,0,,
1.982333,0,,
1.982592,\r,,
1.982851,\n,,
2.038196,S,,
2.038455,W,,
2.038714,D,,
2.038973,S,,
2.039232,0,,
2.039491,0,,
2.03975,0,,
2.040009,0,,
2.040267,0,,
2.040526,0,,
2.040785,0,,
2.041044,0,,
2.041303,0,,
2.041562,1,,
2.041821,0,,
2.04208,0,,
2.042339,\r,,
2.042598,\n,,
2.127816,S,,
2.128075,W,,
2.128334,D,,
2.128593,S,,
2.128852,0,,
2.129111,0,,
2.12937,0,,
2.129629,0,,
2.129888,0,,
2.130147,0,,
2.130405,4,,
2.130664,0,,
2.130923,0,,
2.131182,1,,
2.131441,0,,
2.1317,0,,
2.131959,\r,,
2.132218,\n,,
2.177605,S,,
2.177864,W,,
2.178122,D,,
2.178381,S,,
2.17864,0,,
2.178899,0,,
2.179158,0,,
2.179417,0,,
2.179676,0,,
2.179935,0,,
2.180194,0,,
2.180453,0,,
2.180711,0,,
2.18097,1,,
2.181229,0,,
2.181488,0,,
2.181747,\r,,
2.182006,\n,,
2.267225,S,,
2.267484,W,,
2.267743,D,,
2.268002,S,,
2.26826,0,,
2.268519,0,,
2.268778,0,,
2.269037,0,,
2.269296,0,,
2.269555,0,,
2.269814,4,,
2.270073,0,,
2.270332,0,,
2.270591,1,,
2.270849,0,,
2.271108,0,,
2.271367,\r,,
2.271626,\n,,
2.307055,S,,
2.307314,W,,
2.307573,D,,
2.307832,S,,
2.308091,0,,
2.30835,0,,
2.308609,0,,
2.308867,0,,
2.309126,0,,
2.309385,0,,
2.309644,0,,
2.309903,0,,
2.310162,0,,
2.310421,1,,
2.31068,0,,
2.310939,0,,
2.311198,\r,,
2.311456,\n,,
2.426554,S,,
2.426813,W,,
2.427072,D,,
2.427331,S,,
2.42759,0,,
2.427849,0,,
2.428108,0,,
2.428366,0,,
2.428625,0,,
2.428884,0,,
2.429143,4,,
2.429402,0,,
2.429661,0,,
2.42992,1,,
2.430179,0,,
2.430438,0,,
2.430697,\r,,
2.430956,\n,,
2.496255,S,,
2.496514,W,,
2.496773,D,,
2.497032,S,,
2.497291,0,,
2.49755,0,,
2.497809,0,,
2.498068,0,,
2.498326,0,,
2.498585,0,,
2.498844,0,,
2.499103,0,,
2.499362,0,,
2.499621,1,,
2.49988,0,,
2.500139,0,,
2.500398,\r,,
2.500657,\n,,
2.605792,S,,
2.60605,W,,
2.606309,D,,
2.606568,S,,
2.606827,0,,
2.607086,0,,
2.607345,0,,
2.607604,0,,
2.607863,0,,
2.608122,0,,
2.608381,4,,
2.608639,0,,
2.608898,0,,
2.609157,1,,
2.609416,0,,
2.609675,0,,
2.609934,\r,,
2.610193,\n,,
2.665533,S,,
2.665792,W,,
2.666051,D,,
2.66631,S,,
2.666569,0,,
2.666828,0,,
2.667086,0,,
2.667345,0,,
2.667604,0,,
2.667863,0,,
2.668122,0,,
2.668381,0,,
2.66864,0,,
2.668899,1,,
2.669158,0,,
2.669417,0,,
2.669675,\r,,
2.669934,\n,,
2.844774,S,,
2.845033,W,,
2.845292,D,,
2.84555,S,,
2.845809,0,,
2.846068,0,,
2.846327,0,,
2.846586,0,,
2.846845,0,,
2.847104,0,,
2.847363,4,,
2.847622,0,,
2.84788,0,,
2.848139,1,,
2.848398,0,,
2.848657,0,,
2.848916,\r,,
2.849175,\n,,
2.90452,S,,
2.904779,W,,
2.905038,D,,
2.905297,S,,
2.905556,0,,
2.905815,0,,
2.906074,0,,
2.906332,0,,
2.906591,0,,
2.90685,0,,
2.907109,0,,
2.907368,0,,
2.907627,0,,
2.907886,1,,
2.908145,0,,
2.908404,0,,
2.908662,\r,,
2.908921,\n,,
3.033971,S,,
3.03423,W,,
3.034489,D,,
3.034747,S,,
3.035006,0,,
3.035265,0,,
3.035524,0,,
3.035783,0,,
3.036042,0,,
3.036301,0,,
3.03656,4,,
3.036819,0,,
3.037078,0,,
3.037336,1,,
3.037595,0,,
3.037854,0,,
3.038113,\r,,
3.038372,\n,,
3.073819,S,,
3.074078,W,,
3.074337,D,,
3.074596,V,,
3.074854,5,,
3.075113,3,,
3.075372,4,,
3.075631,A,,
3.07589,1,,
3.076149,F,,
3.076408,0,,
3.076667,0,,
3.076926,0,,
3.077185,1,,
3.077444,0,,
3.077702,0,,
3.077961,\r,,
3.07822,\n,,
3.083864,S,,
3.084123,W,,
3.084382,D,,
3.084641,A,,
3.0849,0,,
3.085159,0,,
3.085418,0,,
3.085677,0,,
3.085935,0,,
3.086194,0,,
3.086453,0,,
3.086712,0,,
3.086971,5,,
3.08723,3,,
3.087489,4,,
3.087748,C,,
3.088007,1,,
3.088266,F,,
3.088524,0,,
3.088783,0,,
3.089042,8,,
3.089301,0,,
3.08956,0,,
3.089819,1,,
3.090078,0,,
3.090337,0,,
3.090596,\r,,
3.090855,\n,,
3.093728,S,,
3.093987,W,,
3.094246,D,,
3.094505,V,,
3.094764,5,,
3.095023,3,,
3.095282,4,,
3.095541,B,,
3.0958,1,,
3.096059,F,,
3.096317,0,,
3.096576,0,,
3.096835,0,,
3.097094,1,,
3.097353,0,,
3.097612,0,,
3.097871,\r,,
3.09813,\n,,
3.173379,S,,
3.173638,W,,
3.173897,D,,
3.174156,S,,
3.174415,0,,
3.174674,0,,
3.174933,0,,
3.175192,0,,
3.175451,0,,
3.17571,0,,
3.175968,4,,
3.176227,0,,
3.176486,0,,
3.176745,1,,
3.177004,0,,
3.177263,0,,
3.177522,\r,,
3.177781,\n,,
3.243082,S,,
3.243341,W,,
3.2436,D,,
3.243859,S,,
3.244118,0,,
3.244377,0,,
3.244636,0,,
3.244894,0,,
3.245153,0,,
3.245412,0,,
3.245671,0,,
3.24593,0,,
3.246189,0,,
3.246448,1,,
3.246707,0,,
3.246966,0,,
3.247225,\r,,
3.247484,\n,,
3.322746,S,,
3.323005,W,,
3.323264,D,,
3.323523,S,,
3.323782,0,,
3.324041,0,,
3.324299,0,,
3.324558,0,,
3.324817,0,,
3.325076,0,,
3.325335,4,,
3.325594,0,,
3.325853,0,,
3.326112,1,,
3.326371,0,,
3.32663,0,,
3.326889,\r,,
3.327147,\n,,
3.392449,S,,
3.392708,W,,
3.392967,D,,
3.393225,S,,
3.393484,0,,
3.393743,0,,
3.394002,0,,
3.394261,0,,
3.39452,0,,
3.394779,0,,
3.395038,0,,
3.395297,0,,
3.395556,0,,
3.395814,1,,
3.396073,0,,
3.396332,0,,
3.396591,\r,,
3.39685,\n,,
3.462155,S,,
3.462414,W,,
3.462672,D,,
3.462931,S,,
3.46319,0,,
3.463449,0,,
3.463708,0,,
3.463967,0,,
3.464226,0,,
3.464485,0,,
3.464744,4,,
3.465003,0,,
3.465261,0,,
3.46552,1,,
3.465779,0,,
3.466038,0,,
3.466297,\r,,
3.466556,\n,,
3.531857,S,,
3.532116,W,,
3.532375,D,,
3.532634,S,,
3.532893,0,,
3.533152,0,,
3.533411,0,,
3.53367,0,,
3.533929,0,,
3.534187,0,,
3.534446,0,,
3.534705,0,,
3.534964,0,,
3.535223,1,,
3.535482,0,,
3.535741,0,,
3.536,\r,,
3.536259,\n,,
3.591612,S,,
3.591871,W,,
3.59213,D,,
3.592388,S,,
3.592647,0,,
3.592906,0,,
3.593165,0,,
3.593424,0,,
3.593683,0,,
3.593942,0,,
3.594201,4,,
3.59446,0,,
3.594719,0,,
3.594977,1,,
3.595236,0,,
3.595495,0,,
3.595754,\r,,
3.596013,\n,,
3.661308,S,,
3.661567,W,,
3.661826,D,,
3.662085,S,,
3.662344,0,,
3.662602,0,,
3.662861,0,,
3.66312,0,,
3.663379,0,,
3.663638,0,,
3.663897,0,,
3.664156,0,,
3.664415,0,,
3.664674,1,,
3.664933,0,,
3.665191,0,,
3.66545,\r,,
3.665709,\n,,
3.731014,S,,
3.731273,W,,
3.731532,D,,
3.73179,S,,
3.732049,0,,
3.732308,0,,
3.732567,0,,
3.732826,0,,
3.733085,0,,
3.733344,0,,
3.733603,4,,
3.733862,0,,
3.734121,0,,
3.73438,1,,
3.734638,0,,
3.734897,0,,
3.735156,\r,,
3.735415,\n,,
3.790758,S,,
3.791017,W,,
3.791276,D,,
3.791535,S,,
3.791794,0,,
3.792053,0,,
3.792312,0,,
3.792571,0,,
3.79283,0,,
3.793089,0,,
3.793347,0,,
3.793606,0,,
3.793865,0,,
3.794124,1,,
3.794383,0,,
3.794642,0,,
3.794901,\r,,
3.79516,\n,,
3.870421,S,,
3.87068,W,,
3.870938,D,,
3.871197,S,,
3.871456,0,,
3.871715,0,,
3.871974,0,,
3.872233,0,,
3.872492,0,,
3.872751,0,,
3.87301,4,,
3.873269,0,,
3.873527,0,,
3.873786,1,,
3.874045,0,,
3.874304,0,,
3.874563,\r,,
3.874822,\n,,
3.930167,S,,
3.930426,W,,
3.930685,D,,
3.930944,S,,
3.931203,0,,
3.931461,0,,
3.93172,0,,
3.931979,0,,
3.932238,0,,
3.932497,0,,
3.932756,0,,
3.933015,0,,
3.933274,0,,
3.933533,1,,
3.933792,0,,
3.93405,0,,
3.934309,\r,,
3.934568,\n,,
4.009829,S,,
4.010088,W,,
4.010347,D,,
4.010606,S,,
4.010865,0,,
4.011124,0,,
4.011382,0,,
4.011641,0,,
4.0119,0,,
4.012159,0,,
4.012418,4,,
4.012677,0,,
4.012936,0,,
4.013195,1,,
4.013454,0,,
4.013713,0,,
4.013971,\r,,
4.01423,\n,,
4.079533,S,,
4.079792,W,,
4.080051,D,,
4.08031,S,,
4.080569,0,,
4.080828,0,,
4.081087,0,,
4.081345,0,,
4.081604,0,,
4.081863,0,,
4.082122,0,,
4.082381,0,,
4.08264,0,,
4.082899,1,,
4.083158,0,,
4.083417,0,,
4.083676,\r,,
4.083935,\n,,
4.149237,S,,
4.149496,W,,
4.149755,D,,
4.150014,S,,
4.150273,0,,
4.150532,0,,
4.150791,0,,
4.15105,0,,
4.151309,0,,
4.151567,0,,
4.151826,4,,
4.152085,0,,
4.152344,0,,
4.152603,1,,
4.152862,0,,
4.153121,0,,
4.15338,\r,,
4.153639,\n,,
4.228904,S,,
4.229163,W,,
4.229422,D,,
4.229681,S,,
4.22994,0,,
4.230199,0,,
4.230458,0,,
4.230717,0,,
4.230976,0,,
4.231235,0,,
4.231493,0,,
4.231752,0,,
4.232011,0,,
4.23227,1,,
4.232529,0,,
4.232788,0,,
4.233047,\r,,
4.233306,\n,,
4.288646,S,,
4.288905,W,,
4.289164,D,,
4.289423,S,,
4.289681,0,,
4.28994,0,,
4.290199,0,,
4.290458,0,,
4.290717,0,,
4.290976,0,,
4.291235,4,,
4.291494,0,,
4.291753,0,,
4.292012,1,,
4.29227,0,,
4.292529,0,,
4.292788,\r,,
4.293047,\n,,
4.368306,S,,
4.368565,W,,
4.368824,D,,
4.369083,S,,
4.369342,0,,
4.369601,0,,
4.36986,0,,
4.370119,0,,
4.370377,0,,
4.370636,0,,
4.370895,0,,
4.371154,0,,
4.371413,0,,
4.371672,1,,
4.371931,0,,
4.37219,0,,
4.372449,\r,,
4.372708,\n,,
4.447969,S,,
4.448227,W,,
4.448486,D,,
4.448745,S,,
4.449004,0,,
4.449263,0,,
4.449522,0,,
4.449781,0,,
4.45004,0,,
4.450299,0,,
4.450558,4,,
4.450816,0,,
4.451075,0,,
4.451334,1,,
4.451593,0,,
4.451852,0,,
4.452111,\r,,
4.45237,\n,,
4.517671,S,,
4.51793,W,,
4.518189,D,,
4.518448,S,,
4.518707,0,,
4.518966,0,,
4.519225,0,,
4.519483,0,,
4.519742,0,,
4.520001,0,,
4.52026,0,,
4.520519,0,,
4.520778,0,,
4.521037,1,,
4.521296,0,,
4.521555,0,,
4.521814,\r,,
4.522072,\n,,
4.587379,S,,
4.587638,W,,
4.587896,D,,
4.588155,S,,
4.588414,0,,
4.588673,0,,
4.588932,0,,
4.589191,0,,
4.58945,0,,
4.589709,0,,
4.589968,4,,
4.590227,0,,
4.590485,0,,
4.590744,1,,
4.591003,0,,
4.591262,0,,
4.591521,\r,,
4.59178,\n,,
4.667038,S,,
4.667297,W,,
4.667556,D,,
4.667814,S,,
4.668073,0,,
4.668332,0,,
4.668591,0,,
4.66885,0,,
4.669109,0,,
4.669368,0,,
4.669627,0,,
4.669886,0,,
4.670145,0,,
4.670403,1,,
4.670662,0,,
4.670921,0,,
4.67118,\r,,
4.671439,\n,,
4.736744,S,,
4.737003,W,,
4.737262,D,,
4.73752,S,,
4.737779,0,,
4.738038,0,,
4.738297,0,,
4.738556,0,,
4.738815,0,,
4.739074,0,,
4.739333,4,,
4.739592,0,,
4.739851,0,,
4.740109,1,,
4.740368,0,,
4.740627,0,,
4.740886,\r,,
4.741145,\n,,
4.806446,S,,
4.806705,W,,
4.806964,D,,
4.807223,S,,
4.807482,0,,
4.807741,0,,
4.808,0,,
4.808259,0,,
4.808518,0,,
4.808777,0,,
4.809035,0,,
4.809294,0,,
4.809553,0,,
4.809812,1,,
4.810071,0,,
4.81033,0,,
4.810589,\r,,
4.810848,\n,,
4.886117,S,,
4.886376,W,,
4.886635,D,,
4.886893,S,,
4.887152,0,,
4.887411,0,,
4.88767,0,,
4.887929,0,,
4.888188,0,,
4.888447,0,,
4.888706,4,,
4.888965,0,,
4.889224,0,,
4.889482,1,,
4.889741,0,,
4.89,0,,
4.890259,\r,,
4.890518,\n,,
4.945853,S,,
4.946112,W,,
4.946371,D,,
4.94663,S,,
4.946889,0,,
4.947148,0,,
4.947407,0,,
4.947666,0,,
4.947925,0,,
4.948183,0,,
4.948442,0,,
4.948701,0,,
4.94896,0,,
4.949219,1,,
4.949478,0,,
4.949737,0,,
4.949996,\r,,
4.950255,\n,,
5.02554,S,,
5.025799,W,,
5.026058,D,,
5.026316,S,,
5.026575,0,,
5.026835,0,,
5.027093,0,,
5.027352,0,,
5.027611,0,,
5.02787,0,,
5.028129,4,,
5.028388,0,,
5.028647,0,,
5.028906,1,,
5.029164,0,,
5.029423,0,,
5.029682,\r,,
5.029941,\n,,
5.095226,S,,
5.095485,W,,
5.095744,D,,
5.096003,S,,
5.096262,0,,
5.096521,0,,
5.09678,0,,
5.097039,0,,
5.097298,0,,
5.097556,0,,
5.097815,0,,
5.098074,0,,
5.098333,0,,
5.098592,1,,
5.098851,0,,
5.09911,0,,
5.099369,\r,,
5.099628,\n,,
5.154974,S,,
5.155233,W,,
5.155492,D,,
5.155751,S,,
5.15601,0,,
5.156269,0,,
5.156528,0,,
5.156787,0,,
5.157045,0,,
5.157304,0,,
5.157563,4,,
5.157822,0,,
5.158081,0,,
5.15834,1,,
5.158599,0,,
5.158858,0,,
5.159117,\r,,
5.159376,\n,,
5.194813,S,,
5.195071,W,,
5.19533,D,,
5.195589,V,,
5.195848,5,,
5.196107,3,,
5.196366,4,,
5.196625,A,,
5.196884,1,,
5.197143,F,,
5.197402,0,,
5.19766,0,,
5.197919,0,,
5.198178,1,,
5.198437,0,,
5.198696,0,,
5.198955,\r,,
5.199214,\n,,
5.214732,S,,
5.214991,W,,
5.215249,D,,
5.215508,V,,
5.215767,5,,
5.216026,3,,
5.216285,4,,
5.216544,B,,
5.216803,1,,
5.217062,F,,
5.217321,0,,
5.21758,0,,
5.217838,0,,
5.218097,1,,
5.218356,0,,
5.218615,0,,
5.218874,\r,,
5.219133,\n,,
5.224677,S,,
5.224936,W,,
5.225194,D,,
5.225453,S,,
5.225712,0,,
5.225971,0,,
5.22623,0,,
5.226489,0,,
5.226748,0,,
5.227007,0,,
5.227266,0,,
5.227525,0,,
5.227784,0,,
5.228042,1,,
5.228301,0,,
5.22856,0,,
5.228819,\r,,
5.229078,\n,,
5.294376,S,,
5.294635,W,,
5.294894,D,,
5.295153,S,,
5.295412,0,,
5.295671,0,,
5.29593,0,,
5.296188,0,,
5.296447,0,,
5.296706,0,,
5.296965,4,,
5.297224,0,,
5.297483,0,,
5.297742,1,,
5.298001,0,,
5.29826,0,,
5.298519,\r,,
5.298778,\n,,
5.364079,S,,
5.364338,W,,
5.364597,D,,
5.364856,S,,
5.365114,0,,
5.365373,0,,
5.365632,0,,
5.365891,0,,
5.36615,0,,
5.366409,0,,
5.366668,0,,
5.366927,0,,
5.367186,0,,
5.367445,1,,
5.367703,0,,
5.367962,0,,
5.368221,\r,,
5.36848,\n,,
5.443743,S,,
5.444002,W,,
5.444261,D,,
5.444519,S,,
5.444778,0,,
5.445037,0,,
5.445296,0,,
5.445555,0,,
5.445814,0,,
5.446073,0,,
5.446332,4,,
5.446591,0,,
5.44685,0,,
5.447109,1,,
5.447367,0,,
5.447626,0,,
5.447885,\r,,
5.448144,\n,,
5.453714,S,,
5.453973,W,,
5.454232,D,,
5.45449,V,,
5.454749,5,,
5.455008,3,,
5.455267,4,,
5.455526,A,,
5.455785,1,,
5.456044,F,,
5.456303,0,,
5.456562,0,,
5.456821,0,,
5.457079,1,,
5.457338,0,,
5.457597,0,,
5.457856,\r,,
5.458115,\n,,
5.47363,S,,
5.473889,W,,
5.474148,D,,
5.474406,V,,
5.474665,5,,
5.474924,3,,
5.475183,4,,
5.475442,B,,
5.475701,1,,
5.47596,F,,
5.476219,0,,
5.476478,0,,
5.476737,0,,
5.476995,1,,
5.477254,0,,
5.477513,0,,
5.477772,\r,,
5.478031,\n,,
5.513452,S,,
5.513711,W,,
5.51397,D,,
5.514229,S,,
5.514488,0,,
5.514747,0,,
5.515005,0,,
5.515264,0,,
5.515523,0,,
5.515782,0,,
5.516041,0,,
5.5163,0,,
5.516559,0,,
5.516818,1,,
5.517077,0,,
5.517336,0,,
5.517594,\r,,
5.517853,\n,,
5.593108,S,,
5.593367,W,,
5.593626,D,,
5.593885,S,,
5.594143,0,,
5.594402,0,,
5.594661,0,,
5.59492,0,,
5.595179,0,,
5.595438,0,,
5.595697,4,,
5.595956,0,,
5.596215,0,,
5.596474,1,,
5.596732,0,,
5.596991,0,,
5.59725,\r,,
5.597509,\n,,
5.652857,S,,
5.653116,W,,
5.653375,D,,
5.653634,S,,
5.653893,0,,
5.654152,0,,
5.654411,0,,
5.65467,0,,
5.654929,0,,
5.655188,0,,
5.655446,0,,
5.655705,0,,
5.655964,0,,
5.656223,1,,
5.656482,0,,
5.656741,0,,
5.657,\r,,
5.657259,\n,,
5.732518,S,,
5.732777,W,,
5.733036,D,,
5.733295,S,,
5.733554,0,,
5.733813,0,,
5.734072,0,,
5.73433,0,,
5.734589,0,,
5.734848,0,,
5.735107,4,,
5.735366,0,,
5.735625,0,,
5.735884,1,,
5.736143,0,,
5.736402,0,,
5.736661,\r,,
5.736919,\n,,
5.802221,S,,
5.80248,W,,
5.802739,D,,
5.802998,S,,
5.803257,0,,
5.803515,0,,
5.803774,0,,
5.804033,0,,
5.804292,0,,
5.804551,0,,
5.80481,0,,
5.805069,0,,
5.805328,0,,
5.805587,1,,
5.805846,0,,
5.806104,0,,
5.806363,\r,,
5.806622,\n,,
5.871925,S,,
5.872184,W,,
5.872443,D,,
5.872702,S,,
5.872961,0,,
5.87322,0,,
5.873479,0,,
5.873738,0,,
5.873996,0,,
5.874255,0,,
5.874514,4,,
5.874773,0,,
5.875032,0,,
5.875291,1,,
5.87555,0,,
5.875809,0,,
5.876068,\r,,
5.876327,\n,,
5.93171,S,,
5.931969,W,,
5.932228,D,,
5.932487,S,,
5.932746,0,,
5.933005,0,,
5.933264,0,,
5.933523,0,,
5.933782,0,,
5.934041,0,,
5.934299,0,,
5.934558,0,,
5.934817,0,,
5.935076,1,,
5.935335,0,,
5.935594,0,,
5.935853,\r,,
5.936112,\n,,
6.011334,S,,
6.011593,W,,
6.011852,D,,
6.012111,S,,
6.01237,0,,
6.012628,0,,
6.012887,0,,
6.013146,0,,
6.013405,0,,
6.013664,0,,
6.013923,4,,
6.014182,0,,
6.014441,0,,
6.0147,1,,
6.014959,0,,
6.015217,0,,
6.015476,\r,,
6.015735,\n,,
6.081043,S,,
6.081302,W,,
6.081561,D,,
6.08182,S,,
6.082079,0,,
6.082337,0,,
6.082596,0,,
6.082855,0,,
6.083114,0,,
6.083373,0,,
6.083632,0,,
6.083891,0,,
6.08415,0,,
6.084409,1,,
6.084668,0,,
6.084926,0,,
6.085185,\r,,
6.085444,\n,,
6.150746,S,,
6.151005,W,,
6.151263,D,,
6.151522,S,,
6.151781,0,,
6.15204,0,,
6.152299,0,,
6.152558,0,,
6.152817,0,,
6.153076,0,,
6.153335,4,,
6.153594,0,,
6.153852,0,,
6.154111,1,,
6.15437,0,,
6.154629,0,,
6.154888,\r,,
6.155147,\n,,
6.230429,S,,
6.230688,W,,
6.230947,D,,
6.231206,S,,
6.231465,0,,
6.231724,0,,
6.231982,0,,
6.232241,0,,
6.2325,0,,
6.232759,0,,
6.233018,0,,
6.233277,0,,
6.233536,0,,
6.233795,1,,
6.234054,0,,
6.234313,0,,
6.234571,\r,,
6.23483,\n,,
6.300109,S,,
6.300368,W,,
6.300627,D,,
6.300886,S,,
6.301145,0,,
6.301404,0,,
6.301663,0,,
6.301922,0,,
6.30218,0,,
6.302439,0,,
6.302698,4,,
6.302957,0,,
6.303216,0,,
6.303475,1,,
6.303734,0,,
6.303993,0,,
6.304252,\r,,
6.304511,\n,,
6.369812,S,,
6.370071,W,,
6.37033,D,,
6.370589,S,,
6.370847,0,,
6.371106,0,,
6.371365,0,,
6.371624,0,,
6.371883,0,,
6.372142,0,,
6.372401,0,,
6.37266,0,,
6.372919,0,,
6.373178,1,,
6.373436,0,,
6.373695,0,,
6.373954,\r,,
6.374213,\n,,
6.459432,S,,
6.459691,W,,
6.45995,D,,
6.460209,S,,
6.460468,0,,
6.460727,0,,
6.460986,0,,
6.461244,0,,
6.461503,0,,
6.461762,0,,
6.462021,4,,
6.46228,0,,
6.462539,0,,
6.462798,1,,
6.463057,0,,
6.463316,0,,
6.463575,\r,,
6.463833,\n,,
6.529176,S,,
6.529434,W,,
6.529693,D,,
6.529952,S,,
6.530211,0,,
6.53047,0,,
6.530729,0,,
6.530988,0,,
6.531246,0,,
6.531505,0,,
6.531764,0,,
6.532023,0,,
6.532282,0,,
6.532541,1,,
6.5328,0,,
6.533059,0,,
6.533318,\r,,
6.533577,\n,,
6.598841,S,,
6.5991,W,,
6.599359,D,,
6.599618,S,,
6.599876,0,,
6.600135,0,,
6.600394,0,,
6.600653,0,,
6.600912,0,,
6.601171,0,,
6.60143,4,,
6.601689,0,,
6.601948,0,,
6.602207,1,,
6.602466,0,,
6.602724,0,,
6.602983,\r,,
6.603242,\n,,
6.668545,S,,
6.668804,W,,
6.669063,D,,
6.669322,S,,
6.669581,0,,
6.66984,0,,
6.670099,0,,
6.670357,0,,
6.670616,0,,
6.670875,0,,
6.671134,0,,
6.671393,0,,
6.671652,0,,
6.671911,1,,
6.67217,0,,
6.672429,0,,
6.672688,\r,,
6.672946,\n,,
6.748207,S,,
6.748466,W,,
6.748725,D,,
6.748984,S,,
6.749243,0,,
6.749502,0,,
6.749761,0,,
6.75002,0,,
6.750279,0,,
6.750538,0,,
6.750796,4,,
6.751055,0,,
6.751314,0,,
6.751573,1,,
6.751832,0,,
6.752091,0,,
6.75235,\r,,
6.752609,\n,,
6.81791,S,,
6.818169,W,,
6.818428,D,,
6.818687,S,,
6.818946,0,,
6.819205,0,,
6.819463,0,,
6.819722,0,,
6.819981,0,,
6.82024,0,,
6.820499,0,,
6.820758,0,,
6.821017,0,,
6.821276,1,,
6.821535,0,,
6.821794,0,,
6.822052,\r,,
6.822311,\n,,
6.897574,S,,
6.897833,W,,
6.898092,D,,
6.898351,S,,
6.89861,0,,
6.898868,0,,
6.899127,0,,
6.899386,0,,
6.899645,0,,
6.899904,0,,
6.900163,4,,
6.900422,0,,
6.900681,0,,
6.90094,1,,
6.901199,0,,
6.901457,0,,
6.901716,\r,,
6.901975,\n,,
6.967281,S,,
6.96754,W,,
6.967799,D,,
6.968058,S,,
6.968317,0,,
6.968576,0,,
6.968835,0,,
6.969094,0,,
6.969353,0,,
6.969611,0,,
6.96987,0,,
6.970129,0,,
6.970388,0,,
6.970647,1,,
6.970906,0,,
6.971165,0,,
6.971424,\r,,
6.971683,\n,,
7.046945,S,,
7.047204,W,,
7.047463,D,,
7.047722,S,,
7.047981,0,,
7.04824,0,,
7.048499,0,,
7.048757,0,,
7.049016,0,,
7.049275,0,,
7.049534,4,,
7.049793,0,,
7.050052,0,,
7.050311,1,,
7.05057,0,,
7.050829,0,,
7.051088,\r,,
7.051346,\n,,
7.116641,S,,
7.1169,W,,
7.117159,D,,
7.117418,S,,
7.117677,0,,
7.117936,0,,
7.118195,0,,
7.118453,0,,
7.118712,0,,
7.118971,0,,
7.11923,0,,
7.119489,0,,
7.119748,0,,
7.120007,1,,
7.120266,0,,
7.120525,0,,
7.120784,\r,,
7.121042,\n,,
7.196305,S,,
7.196564,W,,
7.196823,D,,
7.197082,S,,
7.19734,0,,
7.197599,0,,
7.197858,0,,
7.198117,0,,
7.198376,0,,
7.198635,0,,
7.198894,4,,
7.199153,0,,
7.199412,0,,
7.199671,1,,
7.19993,0,,
7.200188,0,,
7.200447,\r,,
7.200706,\n,,
7.266008,S,,
7.266266,W,,
7.266525,D,,
7.266784,S,,
7.267043,0,,
7.267302,0,,
7.267561,0,,
7.26782,0,,
7.268079,0,,
7.268338,0,,
7.268597,0,,
7.268855,0,,
7.269114,0,,
7.269373,1,,
7.269632,0,,
7.269891,0,,
7.27015,\r,,
7.270409,\n,,
7.34567,S,,
7.345929,W,,
7.346188,D,,
7.346447,S,,
7.346705,0,,
7.346964,0,,
7.347223,0,,
7.347482,0,,
7.347741,0,,
7.348,0,,
7.348259,4,,
7.348518,0,,
7.348777,0,,
7.349036,1,,
7.349294,0,,
7.349553,0,,
7.349812,\r,,
7.350071,\n,,
7.425337,S,,
7.425596,W,,
7.425855,D,,
7.426114,S,,
7.426373,0,,
7.426631,0,,
7.426891,0,,
7.427149,0,,
7.427409,0,,
7.427668,0,,
7.427926,0,,
7.428185,0,,
7.428444,0,,
7.428703,1,,
7.428962,0,,
7.42922,0,,
7.429479,\r,,
7.429738,\n,,
7.495038,S,,
7.495297,W,,
7.495556,D,,
7.495815,S,,
7.496074,0,,
7.496333,0,,
7.496591,0,,
7.49685,0,,
7.497109,0,,
7.497368,0,,
7.497627,4,,
7.497886,0,,
7.498145,0,,
7.498404,1,,
7.498663,0,,
7.498922,0,,
7.49918,\r,,
7.499439,\n,,
7.564741,S,,
7.565,W,,
7.565259,D,,
7.565517,S,,
7.565776,0,,
7.566035,0,,
7.566294,0,,
7.566553,0,,
7.566812,0,,
7.567071,0,,
7.56733,0,,
7.567589,0,,
7.567848,0,,
7.568106,1,,
7.568365,0,,
7.568624,0,,
7.568883,\r,,
7.569142,\n,,
7.644403,S,,
7.644662,W,,
7.644921,D,,
7.64518,S,,
7.645439,0,,
7.645697,0,,
7.645956,0,,
7.646215,0,,
7.646474,0,,
7.646733,0,,
7.646992,4,,
7.647251,0,,
7.64751,0,,
7.647769,1,,
7.648028,0,,
7.648287,0,,
7.648545,\r,,
7.648804,\n,,
7.72407,S,,
7.724329,W,,
7.724588,D,,
7.724847,S,,
7.725106,0,,
7.725365,0,,
7.725624,0,,
7.725882,0,,
7.726141,0,,
7.7264,0,,
7.726659,0,,
7.726918,0,,
7.727177,0,,
7.727437,1,,
7.727695,0,,
7.727954,0,,
7.728213,\r,,
7.728471,\n,,
7.803726,S,,
7.803985,W,,
7.804244,D,,
7.804503,S,,
7.804762,0,,
7.80502,0,,
7.805279,0,,
7.805538,0,,
7.805797,0,,
7.806056,0,,
7.806315,4,,
7.806574,0,,
7.806833,0,,
7.807092,1,,
7.807351,0,,
7.807609,0,,
7.807868,\r,,
7.808127,\n,,
7.873429,S,,
7.873688,W,,
7.873946,D,,
7.874205,S,,
7.874464,0,,
7.874723,0,,
7.874982,0,,
7.875241,0,,
7.8755,0,,
7.875759,0,,
7.876018,0,,
7.876277,0,,
7.876535,0,,
7.876794,1,,
7.877053,0,,
7.877312,0,,
7.877571,\r,,
7.87783,\n,,
7.963051,S,,
7.96331,W,,
7.963569,D,,
7.963828,S,,
7.964086,0,,
7.964345,0,,
7.964604,0,,
7.964863,0,,
7.965122,0,,
7.965381,0,,
7.96564,4,,
7.965899,0,,
7.966158,0,,
7.966417,1,,
7.966675,0,,
7.966934,0,,
7.967193,\r,,
7.967452,\n,,
8.032805,S,,
8.033064,W,,
8.033323,D,,
8.033582,S,,
8.033841,0,,
8.0341,0,,
8.034359,0,,
8.034618,0,,
8.034877,0,,
8.035135,0,,
8.035394,0,,
8.035653,0,,
8.035912,0,,
8.036171,1,,
8.03643,0,,
8.036689,0,,
8.036948,\r,,
8.037207,\n,,
8.112424,S,,
8.112683,W,,
8.112942,D,,
8.113201,S,,
8.11346,0,,
8.113718,0,,
8.113977,0,,
8.114236,0,,
8.114495,0,,
8.114754,0,,
8.115013,4,,
8.115272,0,,
8.115531,0,,
8.11579,1,,
8.116049,0,,
8.116308,0,,
8.116566,\r,,
8.116825,\n,,
8.18212,S,,
8.182379,W,,
8.182638,D,,
8.182897,S,,
8.183156,0,,
8.183415,0,,
8.183674,0,,
8.183932,0,,
8.184191,0,,
8.18445,0,,
8.184709,0,,
8.184968,0,,
8.185227,0,,
8.185486,1,,
8.185745,0,,
8.186004,0,,
8.186263,\r,,
8.186521,\n,,
8.261784,S,,
8.262043,W,,
8.262302,D,,
8.262561,S,,
8.26282,0,,
8.263078,0,,
8.263337,0,,
8.263596,0,,
8.263855,0,,
8.264114,0,,
8.264373,4,,
8.264632,0,,
8.264891,0,,
8.26515,1,,
8.265409,0,,
8.265667,0,,
8.265926,\r,,
8.266185,\n,,
8.341443,S,,
8.341702,W,,
8.341961,D,,
8.34222,S,,
8.342479,0,,
8.342738,0,,
8.342996,0,,
8.343255,0,,
8.343514,0,,
8.343773,0,,
8.344032,0,,
8.344291,0,,
8.34455,0,,
8.344809,1,,
8.345068,0,,
8.345327,0,,
8.345585,\r,,
8.345844,\n,,
8.421107,S,,
8.421366,W,,
8.421625,D,,
8.421884,S,,
8.422143,0,,
8.422402,0,,
8.42266,0,,
8.422919,0,,
8.423178,0,,
8.423437,0,,
8.423696,4,,
8.423955,0,,
8.424214,0,,
8.424473,1,,
8.424732,0,,
8.424991,0,,
8.425249,\r,,
8.425508,\n,,
8.49081,S,,
8.491069,W,,
8.491327,D,,
8.491586,S,,
8.491845,0,,
8.492104,0,,
8.492363,0,,
8.492622,0,,
8.492881,0,,
8.49314,0,,
8.493399,0,,
8.493658,0,,
8.493916,0,,
8.494175,1,,
8.494434,0,,
8.494693,0,,
8.494952,\r,,
8.495211,\n,,
8.58043,S,,
8.580689,W,,
8.580948,D,,
8.581206,S,,
8.581465,0,,
8.581724,0,,
8.581983,0,,
8.582242,0,,
8.582501,0,,
8.58276,0,,
8.583019,4,,
8.583278,0,,
8.583537,0,,
8.583796,1,,
8.584054,0,,
8.584313,0,,
8.584572,\r,,
8.584831,\n,,
8.640174,S,,
8.640433,W,,
8.640692,D,,
8.640951,S,,
8.64121,0,,
8.641469,0,,
8.641728,0,,
8.641987,0,,
8.642246,0,,
8.642504,0,,
8.642763,0,,
8.643022,0,,
8.643281,0,,
8.64354,1,,
8.643799,0,,
8.644058,0,,
8.644317,\r,,
8.644576,\n,,
8.719838,S,,
8.720097,W,,
8.720356,D,,
8.720615,S,,
8.720874,0,,
8.721133,0,,
8.721392,0,,
8.721651,0,,
8.721909,0,,
8.722168,0,,
8.722427,4,,
8.722686,0,,
8.722945,0,,
8.723204,1,,
8.723463,0,,
8.723722,0,,
8.723981,\r,,
8.72424,\n,,
8.789541,S,,
8.7898,W,,
8.790059,D,,
8.790318,S,,
8.790576,0,,
8.790835,0,,
8.791094,0,,
8.791353,0,,
8.791612,0,,
8.791871,0,,
8.79213,0,,
8.792389,0,,
8.792648,0,,
8.792907,1,,
8.793165,0,,
8.793424,0,,
8.793683,\r,,
8.793942,\n,,
8.879163,S,,
8.879422,W,,
8.879681,D,,
8.879939,S,,
8.880198,0,,
8.880457,0,,
8.880716,0,,
8.880975,0,,
8.881234,0,,
8.881493,0,,
8.881752,4,,
8.882011,0,,
8.88227,0,,
8.882528,1,,
8.882787,0,,
8.883046,0,,
8.883305,\r,,
8.883564,\n,,
8.938908,S,,
8.939166,W,,
8.939425,D,,
8.939684,S,,
8.939943,0,,
8.940202,0,,
8.940461,0,,
8.94072,0,,
8.940979,0,,
8.941238,0,,
8.941497,0,,
8.941755,0,,
8.942014,0,,
8.942273,1,,
8.942532,0,,
8.942791,0,,
8.94305,\r,,
8.943309,\n,,
9.028529,S,,
9.028788,W,,
9.029047,D,,
9.029306,S,,
9.029565,0,,
9.029824,0,,
9.030083,0,,
9.030342,0,,
9.030601,0,,
9.03086,0,,
9.031119,4,,
9.031377,0,,
9.031636,0,,
9.031895,1,,
9.032154,0,,
9.032413,0,,
9.032672,\r,,
9.032931,\n,,
9.098237,S,,
9.098496,W,,
9.098755,D,,
9.099014,S,,
9.099273,0,,
9.099532,0,,
9.09979,0,,
9.100049,0,,
9.100308,0,,
9.100567,0,,
9.100826,0,,
9.101085,0,,
9.101344,0,,
9.101603,1,,
9.101862,0,,
9.102121,0,,
9.102379,\r,,
9.102638,\n,,
9.177894,S,,
9.178153,W,,
9.178412,D,,
9.178671,S,,
9.17893,0,,
9.179189,0,,
9.179448,0,,
9.179707,0,,
9.179966,0,,
9.180224,0,,
9.180483,4,,
9.180742,0,,
9.181001,0,,
9.18126,1,,
9.181519,0,,
9.181778,0,,
9.182037,\r,,
9.182296,\n,,
9.247599,S,,
9.247857,W,,
9.248116,D,,
9.248375,S,,
9.248634,0,,
9.248893,0,,
9.249152,0,,
9.249411,0,,
9.24967,0,,
9.249929,0,,
9.250188,0,,
9.250446,0,,
9.250705,0,,
9.250964,1,,
9.251223,0,,
9.251482,0,,
9.251741,\r,,
9.252,\n,,
9.327261,S,,
9.32752,W,,
9.327779,D,,
9.328038,S,,
9.328296,0,,
9.328555,0,,
9.328814,0,,
9.329073,0,,
9.329332,0,,
9.329591,0,,
9.32985,4,,
9.330109,0,,
9.330368,0,,
9.330627,1,,
9.330886,0,,
9.331144,0,,
9.331403,\r,,
9.331662,\n,,
9.396964,S,,
9.397223,W,,
9.397481,D,,
9.39774,S,,
9.397999,0,,
9.398258,0,,
9.398517,0,,
9.398776,0,,
9.399035,0,,
9.399294,0,,
9.399553,0,,
9.399812,0,,
9.40007,0,,
9.400329,1,,
9.400588,0,,
9.400847,0,,
9.401106,\r,,
9.401365,\n,,
9.466673,S,,
9.466932,W,,
9.46719,D,,
9.467449,S,,
9.467708,0,,
9.467967,0,,
9.468226,0,,
9.468485,0,,
9.468744,0,,
9.469003,0,,
9.469262,4,,
9.469521,0,,
9.469779,0,,
9.470038,1,,
9.470297,0,,
9.470556,0,,
9.470815,\r,,
9.471074,\n,,
9.556288,S,,
9.556547,W,,
9.556806,D,,
9.557065,S,,
9.557324,0,,
9.557582,0,,
9.557841,0,,
9.5581,0,,
9.558359,0,,
9.558618,0,,
9.558877,0,,
9.559136,0,,
9.559395,0,,
9.559654,1,,
9.559913,0,,
9.560171,0,,
9.56043,\r,,
9.560689,\n,,
9.606081,S,,
9.60634,W,,
9.606599,D,,
9.606858,S,,
9.607117,0,,
9.607376,0,,
9.607635,0,,
9.607893,0,,
9.608152,0,,
9.608411,0,,
9.60867,4,,
9.608929,0,,
9.609188,0,,
9.609447,1,,
9.609706,0,,
9.609965,0,,
9.610224,\r,,
9.610482,\n,,
9.705653,S,,
9.705912,W,,
9.706171,D,,
9.706429,S,,
9.706688,0,,
9.706947,0,,
9.707206,0,,
9.707465,0,,
9.707724,0,,
9.707983,0,,
9.708242,0,,
9.708501,0,,
9.70876,0,,
9.709018,1,,
9.709277,0,,
9.709536,0,,
9.709795,\r,,
9.710054,\n,,
