Time [s],Value,Parity Error,Framing Error
0.356912,S,,
0.357171,W,,
0.35743,D,,
0.357689,S,,
0.357948,0,,
0.358207,0,,
0.358466,0,,
0.358725,0,,
0.358984,0,,
0.359243,0,,
0.359501,8,,
0.35976,0,,
0.360019,0,,
0.360278,1,,
0.360537,0,,
0.360796,0,,
0.361055,\r,,
0.361314,\n,,
0.426609,S,,
0.426867,W,,
0.427126,D,,
0.427385,S,,
0.427644,0,,
0.427903,0,,
0.428162,0,,
0.428421,0,,
0.42868,0,,
0.428939,0,,
0.429198,0,,
0.429456,0,,
0.429715,0,,
0.429974,1,,
0.430233,0,,
0.430492,0,,
0.430751,\r,,
0.43101,\n,,
0.476398,S,,
0.476657,W,,
0.476916,D,,
0.477175,S,,
0.477434,0,,
0.477693,0,,
0.477952,0,,
0.478211,0,,
0.47847,0,,
0.478729,0,,
0.478987,8,,
0.479246,0,,
0.479505,0,,
0.479764,1,,
0.480023,0,,
0.480282,0,,
0.480541,\r,,
0.4808,\n,,
0.556057,S,,
0.556316,W,,
0.556575,D,,
0.556834,S,,
0.557093,0,,
0.557352,0,,
0.557611,0,,
0.55787,0,,
0.558129,0,,
0.558387,0,,
0.558646,0,,
0.558905,0,,
0.559164,0,,
0.559423,1,,
0.559682,0,,
0.559941,0,,
0.5602,\r,,
0.560459,\n,,
0.615805,S,,
0.616064,W,,
0.616323,D,,
0.616582,S,,
0.616841,0,,
0.6171,0,,
0.617359,0,,
0.617618,0,,
0.617877,0,,
0.618135,0,,
0.618394,8,,
0.618653,0,,
0.618912,0,,
0.619171,1,,
0.61943,0,,
0.619689,0,,
0.619948,\r,,
0.620207,\n,,
0.685516,S,,
0.685775,W,,
0.686034,D,,
0.686293,S,,
0.686552,0,,
0.686811,0,,
0.68707,0,,
0.687328,0,,
0.687587,0,,
0.687846,0,,
0.688105,0,,
0.688364,0,,
0.688623,0,,
0.688882,1,,
0.689141,0,,
0.6894,0,,
0.689659,\r,,
0.689917,\n,,
0.755214,S,,
0.755473,W,,
0.755732,D,,
0.755991,S,,
0.75625,0,,
0.756508,0,,
0.756767,0,,
0.757026,0,,
0.757285,0,,
0.757544,0,,
0.757803,8,,
0.758062,0,,
0.758321,0,,
0.75858,1,,
0.758839,0,,
0.759097,0,,
0.759356,\r,,
0.759615,\n,,
0.814959,S,,
0.815218,W,,
0.815477,D,,
0.815735,S,,
0.815994,0,,
0.816253,0,,
0.816512,0,,
0.816771,0,,
0.81703,0,,
0.817289,0,,
0.817548,0,,
0.817807,0,,
0.818066,0,,
0.818324,1,,
0.818583,0,,
0.818842,0,,
0.819101,\r,,
0.81936,\n,,
0.874706,S,,
0.874965,W,,
0.875224,D,,
0.875483,S,,
0.875742,0,,
0.876001,0,,
0.87626,0,,
0.876519,0,,
0.876778,0,,
0.877037,0,,
0.877295,8,,
0.877554,0,,
0.877813,0,,
0.878072,1,,
0.878331,0,,
0.87859,0,,
0.878849,\r,,
0.879108,\n,,
0.944409,S,,
0.944668,W,,
0.944926,D,,
0.945185,S,,
0.945444,0,,
0.945703,0,,
0.945962,0,,
0.946221,0,,
0.94648,0,,
0.946739,0,,
0.946998,0,,
0.947257,0,,
0.947515,0,,
0.947774,1,,
0.948033,0,,
0.948292,0,,
0.948551,\r,,
0.94881,\n,,
1.004164,S,,
1.004423,W,,
1.004682,D,,
1.004941,S,,
1.0052,0,,
1.005459,0,,
1.005718,0,,
1.005977,0,,
1.006235,0,,
1.006494,0,,
1.006753,8,,
1.007012,0,,
1.007271,0,,
1.00753,1,,
1.007789,0,,
1.008048,0,,
1.008307,\r,,
1.008566,\n,,
1.063902,S,,
1.064161,W,,
1.06442,D,,
1.064679,S,,
1.064938,0,,
1.065197,0,,
1.065455,0,,
1.065714,0,,
1.065973,0,,
1.066232,0,,
1.066491,0,,
1.06675,0,,
1.067009,0,,
1.067268,1,,
1.067527,0,,
1.067786,0,,
1.068044,\r,,
1.068303,\n,,
1.12365,S,,
1.123908,W,,
1.124167,D,,
1.124426,S,,
1.124685,0,,
1.124944,0,,
1.125203,0,,
1.125462,0,,
1.125721,0,,
1.12598,0,,
1.126239,8,,
1.126497,0,,
1.126756,0,,
1.127015,1,,
1.127274,0,,
1.127533,0,,
1.127792,\r,,
1.128051,\n,,
1.183392,S,,
1.183651,W,,
1.18391,D,,
1.184169,S,,
1.184428,0,,
1.184687,0,,
1.184946,0,,
1.185205,0,,
1.185463,0,,
1.185722,0,,
1.185981,0,,
1.18624,0,,
1.186499,0,,
1.186758,1,,
1.187017,0,,
1.187276,0,,
1.187535,\r,,
1.187793,\n,,
1.243144,S,,
1.243403,W,,
1.243662,D,,
1.243921,S,,
1.24418,0,,
1.244439,0,,
1.244698,0,,
1.244957,0,,
1.245216,0,,
1.245475,0,,
1.245733,8,,
1.245992,0,,
1.246251,0,,
1.24651,1,,
1.246769,0,,
1.247028,0,,
1.247287,\r,,
1.247546,\n,,
1.312843,S,,
1.313102,W,,
1.313361,D,,
1.31362,S,,
1.313879,0,,
1.314138,0,,
1.314397,0,,
1.314656,0,,
1.314915,0,,
1.315173,0,,
1.315432,0,,
1.315691,0,,
1.31595,0,,
1.316209,1,,
1.316468,0,,
1.316727,0,,
1.316986,\r,,
1.317245,\n,,
1.372591,S,,
1.37285,W,,
1.373109,D,,
1.373368,S,,
1.373626,0,,
1.373885,0,,
1.374144,0,,
1.374403,0,,
1.374662,0,,
1.374921,0,,
1.37518,8,,
1.375439,0,,
1.375698,0,,
1.375957,1,,
1.376215,0,,
1.376474,0,,
1.376733,\r,,
1.376992,\n,,
1.432338,S,,
1.432597,W,,
1.432856,D,,
1.433115,S,,
1.433374,0,,
1.433633,0,,
1.433892,0,,
1.434151,0,,
1.434409,0,,
1.434668,0,,
1.434927,0,,
1.435186,0,,
1.435445,0,,
1.435704,1,,
1.435963,0,,
1.436222,0,,
1.436481,\r,,
1.43674,\n,,
1.492082,S,,
1.492341,W,,
1.4926,D,,
1.492859,S,,
1.493118,0,,
1.493377,0,,
1.493636,0,,
1.493895,0,,
1.494154,0,,
1.494413,0,,
1.494671,8,,
1.49493,0,,
1.495189,0,,
1.495448,1,,
1.495707,0,,
1.495966,0,,
1.496225,\r,,
1.496484,\n,,
1.561785,S,,
1.562043,W,,
1.562302,D,,
1.562561,S,,
1.56282,0,,
1.563079,0,,
1.563338,0,,
1.563597,0,,
1.563856,0,,
1.564115,0,,
1.564374,0,,
1.564632,0,,
1.564891,0,,
1.56515,1,,
1.565409,0,,
1.565668,0,,
1.565927,\r,,
1.566186,\n,,
1.621532,S,,
1.621791,W,,
1.62205,D,,
1.622309,S,,
1.622568,0,,
1.622827,0,,
1.623085,0,,
1.623344,0,,
1.623603,0,,
1.623862,0,,
1.624121,8,,
1.62438,0,,
1.624639,0,,
1.624898,1,,
1.625157,0,,
1.625415,0,,
1.625674,\r,,
1.625933,\n,,
1.681278,S,,
1.681537,W,,
1.681796,D,,
1.682055,S,,
1.682313,0,,
1.682572,0,,
1.682831,0,,
1.68309,0,,
1.683349,0,,
1.683608,0,,
1.683867,0,,
1.684126,0,,
1.684385,0,,
1.684644,1,,
1.684903,0,,
1.685161,0,,
1.68542,\r,,
1.685679,\n,,
1.741024,S,,
1.741283,W,,
1.741542,D,,
1.741801,S,,
1.74206,0,,
1.742319,0,,
1.742578,0,,
1.742836,0,,
1.743095,0,,
1.743354,0,,
1.743613,8,,
1.743872,0,,
1.744131,0,,
1.74439,1,,
1.744649,0,,
1.744908,0,,
1.745167,\r,,
1.745426,\n,,
1.810727,S,,
1.810986,W,,
1.811245,D,,
1.811504,S,,
1.811762,0,,
1.812021,0,,
1.81228,0,,
1.812539,0,,
1.812798,0,,
1.813057,0,,
1.813316,0,,
1.813575,0,,
1.813834,0,,
1.814093,1,,
1.814351,0,,
1.81461,0,,
1.814869,\r,,
1.815128,\n,,
1.870475,S,,
1.870734,W,,
1.870992,D,,
1.871251,S,,
1.87151,0,,
1.871769,0,,
1.872028,0,,
1.872287,0,,
1.872546,0,,
1.872805,0,,
1.873064,8,,
1.873323,0,,
1.873581,0,,
1.87384,1,,
1.874099,0,,
1.874358,0,,
1.874617,\r,,
1.874876,\n,,
1.930221,S,,
1.93048,W,,
1.930739,D,,
1.930998,S,,
1.931257,0,,
1.931515,0,,
1.931774,0,,
1.932033,0,,
1.932292,0,,
1.932551,0,,
1.93281,0,,
1.933069,0,,
1.933328,0,,
1.933587,1,,
1.933846,0,,
1.934104,0,,
1.934363,\r,,
1.934622,\n,,
1.989967,S,,
1.990226,W,,
1.990485,D,,
1.990744,S,,
1.991003,0,,
1.991262,0,,
1.991521,0,,
1.99178,0,,
1.992038,0,,
1.992297,0,,
1.992556,8,,
1.992815,0,,
1.993074,0,,
1.993333,1,,
1.993592,0,,
1.993851,0,,
1.99411,\r,,
1.994369,\n,,
2.049714,S,,
2.049973,W,,
2.050231,D,,
2.05049,S,,
2.050749,0,,
2.051008,0,,
2.051267,0,,
2.051526,0,,
2.051785,0,,
2.052044,0,,
2.052303,0,,
2.052562,0,,
2.05282,0,,
2.053079,1,,
2.053338,0,,
2.053597,0,,
2.053856,\r,,
2.054115,\n,,
2.109461,S,,
2.10972,W,,
2.109979,D,,
2.110238,S,,
2.110497,0,,
2.110756,0,,
2.111015,0,,
2.111274,0,,
2.111533,0,,
2.111792,0,,
2.11205,8,,
2.112309,0,,
2.112568,0,,
2.112827,1,,
2.113086,0,,
2.113345,0,,
2.113604,\r,,
2.113863,\n,,
2.169204,S,,
2.169463,W,,
2.169722,D,,
2.169981,S,,
2.17024,0,,
2.170499,0,,
2.170758,0,,
2.171017,0,,
2.171276,0,,
2.171535,0,,
2.171794,0,,
2.172052,0,,
2.172311,0,,
2.17257,1,,
2.172829,0,,
2.173088,0,,
2.173347,\r,,
2.173606,\n,,
2.228952,S,,
2.229211,W,,
2.22947,D,,
2.229729,S,,
2.229988,0,,
2.230247,0,,
2.230506,0,,
2.230765,0,,
2.231024,0,,
2.231283,0,,
2.231541,8,,
2.2318,0,,
2.232059,0,,
2.232318,1,,
2.232577,0,,
2.232836,0,,
2.233095,\r,,
2.233354,\n,,
2.298655,S,,
2.298914,W,,
2.299173,D,,
2.299432,S,,
2.299691,0,,
2.29995,0,,
2.300208,0,,
2.300467,0,,
2.300726,0,,
2.300985,0,,
2.301244,0,,
2.301503,0,,
2.301762,0,,
2.302021,1,,
2.30228,0,,
2.302539,0,,
2.302798,\r,,
2.303056,\n,,
2.358403,S,,
2.358662,W,,
2.358921,D,,
2.35918,S,,
2.359439,0,,
2.359697,0,,
2.359956,0,,
2.360215,0,,
2.360474,0,,
2.360733,0,,
2.360992,8,,
2.361251,0,,
2.36151,0,,
2.361769,1,,
2.362028,0,,
2.362286,0,,
2.362545,\r,,
2.362804,\n,,
2.438065,S,,
2.438324,W,,
2.438583,D,,
2.438842,S,,
2.439101,0,,
2.43936,0,,
2.439619,0,,
2.439877,0,,
2.440136,0,,
2.440395,0,,
2.440654,0,,
2.440913,0,,
2.441172,0,,
2.441431,1,,
2.44169,0,,
2.441949,0,,
2.442208,\r,,
2.442466,\n,,
2.497813,S,,
2.498072,W,,
2.498331,D,,
2.49859,S,,
2.498849,0,,
2.499108,0,,
2.499367,0,,
2.499625,0,,
2.499884,0,,
2.500143,0,,
2.500402,8,,
2.500661,0,,
2.50092,0,,
2.501179,1,,
2.501438,0,,
2.501697,0,,
2.501956,\r,,
2.502214,\n,,
2.577472,S,,
2.577731,W,,
2.57799,D,,
2.578249,S,,
2.578508,0,,
2.578767,0,,
2.579026,0,,
2.579284,0,,
2.579543,0,,
2.579802,0,,
2.580061,0,,
2.58032,0,,
2.580579,0,,
2.580838,1,,
2.581097,0,,
2.581356,0,,
2.581615,\r,,
2.581873,\n,,
2.647178,S,,
2.647437,W,,
2.647696,D,,
2.647955,S,,
2.648214,0,,
2.648473,0,,
2.648731,0,,
2.64899,0,,
2.649249,0,,
2.649508,0,,
2.649767,8,,
2.650026,0,,
2.650285,0,,
2.650544,1,,
2.650803,0,,
2.651062,0,,
2.651321,\r,,
2.651579,\n,,
2.726839,S,,
2.727098,W,,
2.727357,D,,
2.727615,S,,
2.727874,0,,
2.728133,0,,
2.728392,0,,
2.728651,0,,
2.72891,0,,
2.729169,0,,
2.729428,0,,
2.729687,0,,
2.729946,0,,
2.730204,1,,
2.730463,0,,
2.730722,0,,
2.730981,\r,,
2.73124,\n,,
2.935953,S,,
2.936212,W,,
2.936471,D,,
2.93673,S,,
2.936989,0,,
2.937248,0,,
2.937507,0,,
2.937766,0,,
2.938025,0,,
2.938284,0,,
2.938542,8,,
2.938801,0,,
2.93906,0,,
2.939319,1,,
2.939578,0,,
2.939837,0,,
2.940096,\r,,
2.940355,\n,,
3.015621,S,,
3.01588,W,,
3.016139,D,,
3.016397,S,,
3.016656,0,,
3.016915,0,,
3.017174,0,,
3.017433,0,,
3.017692,0,,
3.017951,0,,
3.01821,0,,
3.018469,0,,
3.018728,0,,
3.018986,1,,
3.019245,0,,
3.019504,0,,
3.019763,\r,,
3.020022,\n,,
3.075361,S,,
3.07562,W,,
3.075878,D,,
3.076137,S,,
3.076396,0,,
3.076655,0,,
3.076914,0,,
3.077173,0,,
3.077432,0,,
3.077691,0,,
3.07795,8,,
3.078209,0,,
3.078467,0,,
3.078726,1,,
3.078985,0,,
3.079244,0,,
3.079503,\r,,
3.079762,\n,,
3.155026,S,,
3.155285,W,,
3.155544,D,,
3.155803,S,,
3.156062,0,,
3.156321,0,,
3.15658,0,,
3.156838,0,,
3.157097,0,,
3.157356,0,,
3.157615,0,,
3.157874,0,,
3.158133,0,,
3.158392,1,,
3.158651,0,,
3.15891,0,,
3.159169,\r,,
3.159427,\n,,
3.224727,S,,
3.224986,W,,
3.225245,D,,
3.225504,S,,
3.225763,0,,
3.226022,0,,
3.226281,0,,
3.22654,0,,
3.226798,0,,
3.227057,0,,
3.227316,8,,
3.227575,0,,
3.227834,0,,
3.228093,1,,
3.228352,0,,
3.228611,0,,
3.22887,\r,,
3.229129,\n,,
3.30439,S,,
3.304648,W,,
3.304907,D,,
3.305166,S,,
3.305425,0,,
3.305684,0,,
3.305943,0,,
3.306202,0,,
3.306461,0,,
3.30672,0,,
3.306979,0,,
3.307237,0,,
3.307496,0,,
3.307755,1,,
3.308014,0,,
3.308273,0,,
3.308532,\r,,
3.308791,\n,,
3.374094,S,,
3.374353,W,,
3.374612,D,,
3.374871,S,,
3.375129,0,,
3.375388,0,,
3.375647,0,,
3.375906,0,,
3.376165,0,,
3.376424,0,,
3.376683,8,,
3.376942,0,,
3.377201,0,,
3.37746,1,,
3.377718,0,,
3.377977,0,,
3.378236,\r,,
3.378495,\n,,
3.463713,S,,
3.463971,W,,
3.46423,D,,
3.464489,S,,
3.464748,0,,
3.465007,0,,
3.465266,0,,
3.465525,0,,
3.465784,0,,
3.466043,0,,
3.466302,0,,
3.46656,0,,
3.466819,0,,
3.467078,1,,
3.467337,0,,
3.467596,0,,
3.467855,\r,,
3.468114,\n,,
3.533417,S,,
3.533676,W,,
3.533935,D,,
3.534194,S,,
3.534452,0,,
3.534711,0,,
3.53497,0,,
3.535229,0,,
3.535488,0,,
3.535747,0,,
3.536006,8,,
3.536265,0,,
3.536524,0,,
3.536783,1,,
3.537041,0,,
3.5373,0,,
3.537559,\r,,
3.537818,\n,,
3.613079,S,,
3.613338,W,,
3.613597,D,,
3.613856,S,,
3.614115,0,,
3.614374,0,,
3.614633,0,,
3.614892,0,,
3.61515,0,,
3.615409,0,,
3.615668,0,,
3.615927,0,,
3.616186,0,,
3.616445,1,,
3.616704,0,,
3.616963,0,,
3.617222,\r,,
3.617481,\n,,
3.68279,S,,
3.683049,W,,
3.683308,D,,
3.683567,S,,
3.683826,0,,
3.684085,0,,
3.684343,0,,
3.684602,0,,
3.684861,0,,
3.68512,0,,
3.685379,8,,
3.685638,0,,
3.685897,0,,
3.686156,1,,
3.686415,0,,
3.686674,0,,
3.686933,\r,,
3.687191,\n,,
3.762444,S,,
3.762703,W,,
3.762962,D,,
3.763221,S,,
3.76348,0,,
3.763739,0,,
3.763998,0,,
3.764257,0,,
3.764516,0,,
3.764774,0,,
3.765033,0,,
3.765292,0,,
3.765551,0,,
3.76581,1,,
3.766069,0,,
3.766328,0,,
3.766587,\r,,
3.766846,\n,,
3.842113,S,,
3.842372,W,,
3.842631,D,,
3.84289,S,,
3.843149,0,,
3.843408,0,,
3.843667,0,,
3.843925,0,,
3.844184,0,,
3.844443,0,,
3.844702,8,,
3.844961,0,,
3.84522,0,,
3.845479,1,,
3.845738,0,,
3.845997,0,,
3.846256,\r,,
3.846514,\n,,
3.911811,S,,
3.91207,W,,
3.912329,D,,
3.912588,S,,
3.912847,0,,
3.913106,0,,
3.913364,0,,
3.913623,0,,
3.913882,0,,
3.914141,0,,
3.9144,0,,
3.914659,0,,
3.914918,0,,
3.915177,1,,
3.915436,0,,
3.915695,0,,
3.915954,\r,,
3.916212,\n,,
3.971564,S,,
3.971823,W,,
3.972082,D,,
3.972341,S,,
3.972599,0,,
3.972858,0,,
3.973117,0,,
3.973376,0,,
3.973635,0,,
3.973894,0,,
3.974153,8,,
3.974412,0,,
3.974671,0,,
3.97493,1,,
3.975189,0,,
3.975447,0,,
3.975706,\r,,
3.975965,\n,,
4.05122,S,,
4.051479,W,,
4.051737,D,,
4.051996,S,,
4.052255,0,,
4.052514,0,,
4.052773,0,,
4.053032,0,,
4.053291,0,,
4.05355,0,,
4.053809,0,,
4.054068,0,,
4.054326,0,,
4.054585,1,,
4.054844,0,,
4.055103,0,,
4.055362,\r,,
4.055621,\n,,
4.120924,S,,
4.121183,W,,
4.121442,D,,
4.121701,S,,
4.12196,0,,
4.122218,0,,
4.122477,0,,
4.122736,0,,
4.122995,0,,
4.123254,0,,
4.123513,8,,
4.123772,0,,
4.124031,0,,
4.12429,1,,
4.124549,0,,
4.124808,0,,
4.125066,\r,,
4.125325,\n,,
4.180672,S,,
4.180931,W,,
4.18119,D,,
4.181449,S,,
4.181707,0,,
4.181966,0,,
4.182225,0,,
4.182484,0,,
4.182743,0,,
4.183002,0,,
4.183261,0,,
4.18352,0,,
4.183779,0,,
4.184038,1,,
4.184296,0,,
4.184555,0,,
4.184814,\r,,
4.185073,\n,,
4.399741,S,,
4.4,W,,
4.400259,D,,
4.400518,S,,
4.400777,0,,
4.401035,0,,
4.401294,0,,
4.401553,0,,
4.401812,0,,
4.402071,0,,
4.40233,8,,
4.402589,0,,
4.402848,0,,
4.403107,1,,
4.403366,0,,
4.403624,0,,
4.403883,\r,,
4.404142,\n,,
4.45949,S,,
4.459749,W,,
4.460008,D,,
4.460267,S,,
4.460526,0,,
4.460785,0,,
4.461044,0,,
4.461303,0,,
4.461562,0,,
4.461821,0,,
4.462079,0,,
4.462338,0,,
4.462597,0,,
4.462856,1,,
4.463115,0,,
4.463374,0,,
4.463633,\r,,
4.463892,\n,,
4.539149,S,,
4.539408,W,,
4.539667,D,,
4.539926,S,,
4.540185,0,,
4.540444,0,,
4.540703,0,,
4.540962,0,,
4.541221,0,,
4.54148,0,,
4.541738,8,,
4.541997,0,,
4.542256,0,,
4.542515,1,,
4.542774,0,,
4.543033,0,,
4.543292,\r,,
4.543551,\n,,
4.608852,S,,
4.609111,W,,
4.60937,D,,
4.609629,S,,
4.609888,0,,
4.610147,0,,
4.610406,0,,
4.610664,0,,
4.610923,0,,
4.611182,0,,
4.611441,0,,
4.6117,0,,
4.611959,0,,
4.612218,1,,
4.612477,0,,
4.612736,0,,
4.612995,\r,,
4.613253,\n,,
4.678558,S,,
4.678817,W,,
4.679076,D,,
4.679335,S,,
4.679594,0,,
4.679853,0,,
4.680112,0,,
4.68037,0,,
4.680629,0,,
4.680888,0,,
4.681147,8,,
4.681406,0,,
4.681665,0,,
4.681924,1,,
4.682183,0,,
4.682442,0,,
4.682701,\r,,
4.682959,\n,,
4.758217,S,,
4.758476,W,,
4.758735,D,,
4.758994,S,,
4.759253,0,,
4.759512,0,,
4.759771,0,,
4.76003,0,,
4.760288,0,,
4.760547,0,,
4.760806,0,,
4.761065,0,,
4.761324,0,,
4.761583,1,,
4.761842,0,,
4.762101,0,,
4.76236,\r,,
4.762619,\n,,
4.817965,S,,
4.818224,W,,
4.818483,D,,
4.818742,S,,
4.819001,0,,
4.81926,0,,
4.819518,0,,
4.819777,0,,
4.820036,0,,
4.820295,0,,
4.820554,8,,
4.820813,0,,
4.821072,0,,
4.821331,1,,
4.82159,0,,
4.821849,0,,
4.822107,\r,,
4.822366,\n,,
4.897653,S,,
4.897912,W,,
4.898171,D,,
4.89843,S,,
4.898689,0,,
4.898948,0,,
4.899207,0,,
4.899465,0,,
4.899724,0,,
4.899983,0,,
4.900242,0,,
4.900501,0,,
4.90076,0,,
4.901019,1,,
4.901278,0,,
4.901537,0,,
4.901796,\r,,
4.902054,\n,,
4.957375,S,,
4.957634,W,,
4.957893,D,,
4.958152,S,,
4.958411,0,,
4.95867,0,,
4.958929,0,,
4.959188,0,,
4.959446,0,,
4.959705,0,,
4.959964,8,,
4.960223,0,,
4.960482,0,,
4.960741,1,,
4.961,0,,
4.961259,0,,
4.961518,\r,,
4.961777,\n,,
5.037036,S,,
5.037295,W,,
5.037554,D,,
5.037813,S,,
5.038071,0,,
5.03833,0,,
5.038589,0,,
5.038848,0,,
5.039107,0,,
5.039366,0,,
5.039625,0,,
5.039884,0,,
5.040143,0,,
5.040402,1,,
5.04066,0,,
5.040919,0,,
5.041178,\r,,
5.041437,\n,,
5.096782,S,,
5.097041,W,,
5.0973,D,,
5.097559,S,,
5.097818,0,,
5.098077,0,,
5.098335,0,,
5.098594,0,,
5.098853,0,,
5.099112,0,,
5.099371,8,,
5.09963,0,,
5.099889,0,,
5.100148,1,,
5.100407,0,,
5.100666,0,,
5.100924,\r,,
5.101183,\n,,
5.176449,S,,
5.176708,W,,
5.176967,D,,
5.177226,S,,
5.177485,0,,
5.177744,0,,
5.178003,0,,
5.178261,0,,
5.17852,0,,
5.178779,0,,
5.179038,0,,
5.179297,0,,
5.179556,0,,
5.179815,1,,
5.180074,0,,
5.180333,0,,
5.180592,\r,,
5.18085,\n,,
5.246149,S,,
5.246408,W,,
5.246666,D,,
5.246925,S,,
5.247184,0,,
5.247443,0,,
5.247702,0,,
5.247961,0,,
5.24822,0,,
5.248479,0,,
5.248738,8,,
5.248997,0,,
5.249255,0,,
5.249514,1,,
5.249773,0,,
5.250032,0,,
5.250291,\r,,
5.25055,\n,,
5.475176,S,,
5.475435,W,,
5.475694,D,,
5.475952,S,,
5.476211,0,,
5.47647,0,,
5.476729,0,,
5.476988,0,,
5.477247,0,,
5.477506,0,,
5.477765,0,,
5.478024,0,,
5.478283,0,,
5.478541,1,,
5.4788,0,,
5.479059,0,,
5.479318,\r,,
5.479577,\n,,
5.534924,S,,
5.535182,W,,
5.535441,D,,
5.5357,S,,
5.535959,0,,
5.536218,0,,
5.536477,0,,
5.536736,0,,
5.536995,0,,
5.537254,0,,
5.537513,8,,
5.537771,0,,
5.53803,0,,
5.538289,1,,
5.538548,0,,
5.538807,0,,
5.539066,\r,,
5.539325,\n,,
5.624542,S,,
5.624801,W,,
5.62506,D,,
5.625319,S,,
5.625578,0,,
5.625837,0,,
5.626096,0,,
5.626354,0,,
5.626613,0,,
5.626872,0,,
5.627131,0,,
5.62739,0,,
5.627649,0,,
5.627908,1,,
5.628167,0,,
5.628426,0,,
5.628685,\r,,
5.628943,\n,,
5.684295,S,,
5.684554,W,,
5.684813,D,,
5.685072,S,,
5.685331,0,,
5.685589,0,,
5.685848,0,,
5.686107,0,,
5.686366,0,,
5.686625,0,,
5.686884,8,,
5.687143,0,,
5.687402,0,,
5.687661,1,,
5.68792,0,,
5.688178,0,,
5.688437,\r,,
5.688696,\n,,
5.773907,S,,
5.774166,W,,
5.774425,D,,
5.774684,S,,
5.774943,0,,
5.775202,0,,
5.77546,0,,
5.775719,0,,
5.775978,0,,
5.776237,0,,
5.776496,0,,
5.776755,0,,
5.777014,0,,
5.777273,1,,
5.777532,0,,
5.777791,0,,
5.778049,\r,,
5.778308,\n,,
5.843611,S,,
5.84387,W,,
5.844129,D,,
5.844388,S,,
5.844647,0,,
5.844906,0,,
5.845165,0,,
5.845423,0,,
5.845682,0,,
5.845941,0,,
5.8462,8,,
5.846459,0,,
5.846718,0,,
5.846977,1,,
5.847236,0,,
5.847495,0,,
5.847754,\r,,
5.848013,\n,,
5.913367,S,,
5.913626,W,,
5.913885,D,,
5.914144,S,,
5.914403,0,,
5.914662,0,,
5.914921,0,,
5.915179,0,,
5.915439,0,,
5.915697,0,,
5.915957,0,,
5.916215,0,,
5.916474,0,,
5.916733,1,,
5.916992,0,,
5.917251,0,,
5.91751,\r,,
5.917769,\n,,
5.983029,S,,
5.983288,W,,
5.983547,D,,
5.983806,S,,
5.984065,0,,
5.984324,0,,
5.984583,0,,
5.984842,0,,
5.985101,0,,
5.98536,0,,
5.985618,8,,
5.985877,0,,
5.986136,0,,
5.986395,1,,
5.986654,0,,
5.986913,0,,
5.987172,\r,,
5.987431,\n,,
6.06268,S,,
6.062939,W,,
6.063198,D,,
6.063457,S,,
6.063716,0,,
6.063975,0,,
6.064234,0,,
6.064493,0,,
6.064752,0,,
6.06501,0,,
6.065269,0,,
6.065528,0,,
6.065787,0,,
6.066046,1,,
6.066305,0,,
6.066564,0,,
6.066823,\r,,
6.067082,\n,,
6.122428,S,,
6.122687,W,,
6.122946,D,,
6.123205,S,,
6.123464,0,,
6.123723,0,,
6.123982,0,,
6.124241,0,,
6.124499,0,,
6.124758,0,,
6.125017,8,,
6.125276,0,,
6.125535,0,,
6.125794,1,,
6.126053,0,,
6.126312,0,,
6.126571,\r,,
6.12683,\n,,
6.212105,S,,
6.212364,W,,
6.212623,D,,
6.212882,S,,
6.213141,0,,
6.2134,0,,
6.213658,0,,
6.213918,0,,
6.214176,0,,
6.214435,0,,
6.214694,0,,
6.214953,0,,
6.215212,0,,
6.215471,1,,
6.21573,0,,
6.215989,0,,
6.216247,\r,,
6.216506,\n,,
6.271795,S,,
6.272054,W,,
6.272312,D,,
6.272571,S,,
6.27283,0,,
6.273089,0,,
6.273348,0,,
6.273607,0,,
6.273866,0,,
6.274125,0,,
6.274384,8,,
6.274643,0,,
6.274901,0,,
6.27516,1,,
6.275419,0,,
6.275678,0,,
6.275937,\r,,
6.276196,\n,,
6.361413,S,,
6.361672,W,,
6.361931,D,,
6.36219,S,,
6.362449,0,,
6.362708,0,,
6.362966,0,,
6.363225,0,,
6.363484,0,,
6.363743,0,,
6.364002,0,,
6.364261,0,,
6.36452,0,,
6.364779,1,,
6.365038,0,,
6.365297,0,,
6.365555,\r,,
6.365814,\n,,
6.411203,S,,
6.411462,W,,
6.411721,D,,
6.41198,S,,
6.412239,0,,
6.412497,0,,
6.412756,0,,
6.413015,0,,
6.413274,0,,
6.413533,0,,
6.413792,8,,
6.414051,0,,
6.41431,0,,
6.414569,1,,
6.414828,0,,
6.415086,0,,
6.415345,\r,,
6.415604,\n,,
6.500854,S,,
6.501113,W,,
6.501372,D,,
6.501631,S,,
6.501889,0,,
6.502148,0,,
6.502407,0,,
6.502666,0,,
6.502925,0,,
6.503184,0,,
6.503443,0,,
6.503702,0,,
6.503961,0,,
6.50422,1,,
6.504479,0,,
6.504737,0,,
6.504996,\r,,
6.505255,\n,,
6.570531,S,,
6.57079,W,,
6.571048,D,,
6.571307,S,,
6.571566,0,,
6.571825,0,,
6.572084,0,,
6.572343,0,,
6.572602,0,,
6.572861,0,,
6.57312,8,,
6.573379,0,,
6.573637,0,,
6.573896,1,,
6.574155,0,,
6.574414,0,,
6.574673,\r,,
6.574932,\n,,
6.660144,S,,
6.660403,W,,
6.660662,D,,
6.660921,S,,
6.66118,0,,
6.661439,0,,
6.661698,0,,
6.661957,0,,
6.662216,0,,
6.662474,0,,
6.662733,0,,
6.662992,0,,
6.663251,0,,
6.66351,1,,
6.663769,0,,
6.664028,0,,
6.664287,\r,,
6.664546,\n,,
6.719899,S,,
6.720157,W,,
6.720416,D,,
6.720675,S,,
6.720934,0,,
6.721193,0,,
6.721452,0,,
6.721711,0,,
6.72197,0,,
6.722229,0,,
6.722488,8,,
6.722746,0,,
6.723005,0,,
6.723264,1,,
6.723523,0,,
6.723782,0,,
6.724041,\r,,
6.7243,\n,,
6.809562,S,,
6.809821,W,,
6.81008,D,,
6.810339,S,,
6.810598,0,,
6.810857,0,,
6.811116,0,,
6.811374,0,,
6.811634,0,,
6.811892,0,,
6.812151,0,,
6.81241,0,,
6.812669,0,,
6.812928,1,,
6.813187,0,,
6.813446,0,,
6.813705,\r,,
6.813964,\n,,
6.869258,S,,
6.869517,W,,
6.869776,D,,
6.870035,S,,
6.870294,0,,
6.870553,0,,
6.870812,0,,
6.871071,0,,
6.87133,0,,
6.871589,0,,
6.871847,8,,
6.872106,0,,
6.872365,0,,
6.872624,1,,
6.872883,0,,
6.873142,0,,
6.873401,\r,,
6.87366,\n,,
6.958877,S,,
6.959136,W,,
6.959395,D,,
6.959654,S,,
6.959913,0,,
6.960171,0,,
6.96043,0,,
6.960689,0,,
6.960948,0,,
6.961207,0,,
6.961466,0,,
6.961725,0,,
6.961984,0,,
6.962243,1,,
6.962502,0,,
6.96276,0,,
6.963019,\r,,
6.963278,\n,,
7.028583,S,,
7.028842,W,,
7.029101,D,,
7.02936,S,,
7.029619,0,,
7.029877,0,,
7.030136,0,,
7.030395,0,,
7.030654,0,,
7.030913,0,,
7.031172,8,,
7.031431,0,,
7.03169,0,,
7.031949,1,,
7.032208,0,,
7.032466,0,,
7.032725,\r,,
7.032984,\n,,
7.108242,S,,
7.108501,W,,
7.10876,D,,
7.109019,S,,
7.109278,0,,
7.109536,0,,
7.109795,0,,
7.110054,0,,
7.110313,0,,
7.110572,0,,
7.110831,0,,
7.11109,0,,
7.111349,0,,
7.111608,1,,
7.111866,0,,
7.112125,0,,
7.112384,\r,,
7.112643,\n,,
7.16799,S,,
7.168249,W,,
7.168508,D,,
7.168767,S,,
7.169026,0,,
7.169284,0,,
7.169543,0,,
7.169802,0,,
7.170061,0,,
7.17032,0,,
7.170579,8,,
7.170838,0,,
7.171097,0,,
7.171356,1,,
7.171615,0,,
7.171873,0,,
7.172132,\r,,
7.172391,\n,,
7.257609,S,,
7.257868,W,,
7.258126,D,,
7.258385,S,,
7.258644,0,,
7.258903,0,,
7.259162,0,,
7.259421,0,,
7.25968,0,,
7.259939,0,,
7.260198,0,,
7.260457,0,,
7.260715,0,,
7.260974,1,,
7.261233,0,,
7.261492,0,,
7.261751,\r,,
7.26201,\n,,
7.327315,S,,
7.327574,W,,
7.327832,D,,
7.328091,S,,
7.32835,0,,
7.328609,0,,
7.328868,0,,
7.329127,0,,
7.329386,0,,
7.329645,0,,
7.329904,8,,
7.330163,0,,
7.330421,0,,
7.33068,1,,
7.330939,0,,
7.331198,0,,
7.331457,\r,,
7.331716,\n,,
7.406974,S,,
7.407233,W,,
7.407491,D,,
7.40775,S,,
7.408009,0,,
7.408268,0,,
7.408527,0,,
7.408786,0,,
7.409045,0,,
7.409304,0,,
7.409563,0,,
7.409822,0,,
7.41008,0,,
7.410339,1,,
7.410598,0,,
7.410857,0,,
7.411116,\r,,
7.411375,\n,,
7.476686,S,,
7.476945,W,,
7.477204,D,,
7.477463,S,,
7.477722,0,,
7.477981,0,,
7.478239,0,,
7.478498,0,,
7.478757,0,,
7.479016,0,,
7.479275,8,,
7.479534,0,,
7.479793,0,,
7.480052,1,,
7.480311,0,,
7.48057,0,,
7.480828,\r,,
7.481087,\n,,
7.55634,S,,
7.556599,W,,
7.556858,D,,
7.557117,S,,
7.557376,0,,
7.557635,0,,
7.557894,0,,
7.558152,0,,
7.558411,0,,
7.55867,0,,
7.558929,0,,
7.559188,0,,
7.559447,0,,
7.559706,1,,
7.559965,0,,
7.560224,0,,
7.560483,\r,,
7.560742,\n,,
7.626053,S,,
7.626311,W,,
7.62657,D,,
7.626829,S,,
7.627088,0,,
7.627347,0,,
7.627606,0,,
7.627865,0,,
7.628124,0,,
7.628383,0,,
7.628642,8,,
7.6289,0,,
7.629159,0,,
7.629418,1,,
7.629677,0,,
7.629936,0,,
7.630195,\r,,
7.630454,\n,,
7.705713,S,,
7.705972,W,,
7.706231,D,,
7.70649,S,,
7.706749,0,,
7.707008,0,,
7.707267,0,,
7.707525,0,,
7.707784,0,,
7.708043,0,,
7.708302,0,,
7.708561,0,,
7.70882,0,,
7.709079,1,,
7.709338,0,,
7.709597,0,,
7.709856,\r,,
7.710114,\n,,
7.775411,S,,
7.77567,W,,
7.775929,D,,
7.776188,S,,
7.776447,0,,
7.776706,0,,
7.776964,0,,
7.777223,0,,
7.777482,0,,
7.777741,0,,
7.778,8,,
7.778259,0,,
7.778518,0,,
7.778777,1,,
7.779036,0,,
7.779295,0,,
7.779553,\r,,
7.779812,\n,,
7.855073,S,,
7.855332,W,,
7.855591,D,,
7.85585,S,,
7.856109,0,,
7.856368,0,,
7.856627,0,,
7.856886,0,,
7.857144,0,,
7.857403,0,,
7.857662,0,,
7.857921,0,,
7.85818,0,,
7.858439,1,,
7.858698,0,,
7.858957,0,,
7.859216,\r,,
7.859475,\n,,
7.924785,S,,
7.925044,W,,
7.925303,D,,
7.925562,S,,
7.925821,0,,
7.92608,0,,
7.926339,0,,
7.926598,0,,
7.926857,0,,
7.927116,0,,
7.927375,8,,
7.927633,0,,
7.927892,0,,
7.928151,1,,
7.92841,0,,
7.928669,0,,
7.928928,\r,,
7.929187,\n,,
7.994488,S,,
7.994747,W,,
7.995006,D,,
7.995265,S,,
7.995524,0,,
7.995783,0,,
7.996041,0,,
7.9963,0,,
7.996559,0,,
7.996818,0,,
7.997077,0,,
7.997336,0,,
7.997595,0,,
7.997854,1,,
7.998113,0,,
7.998372,0,,
7.998631,\r,,
7.998889,\n,,
8.05423,S,,
8.054488,W,,
8.054747,D,,
8.055006,S,,
8.055265,0,,
8.055524,0,,
8.055783,0,,
8.056042,0,,
8.056301,0,,
8.05656,0,,
8.056819,8,,
8.057077,0,,
8.057336,0,,
8.057595,1,,
8.057854,0,,
8.058113,0,,
8.058372,\r,,
8.058631,\n,,
8.133895,S,,
8.134154,W,,
8.134413,D,,
8.134672,S,,
8.134931,0,,
8.13519,0,,
8.135448,0,,
8.135707,0,,
8.135966,0,,
8.136225,0,,
8.136484,0,,
8.136743,0,,
8.137002,0,,
8.137261,1,,
8.13752,0,,
8.137779,0,,
8.138038,\r,,
8.138296,\n,,
8.203598,S,,
8.203857,W,,
8.204115,D,,
8.204374,S,,
8.204633,0,,
8.204892,0,,
8.205151,0,,
8.20541,0,,
8.205669,0,,
8.205928,0,,
8.206187,8,,
8.206446,0,,
8.206705,0,,
8.206963,1,,
8.207222,0,,
8.207481,0,,
8.20774,\r,,
8.207999,\n,,
8.273299,S,,
8.273557,W,,
8.273816,D,,
8.274075,S,,
8.274334,0,,
8.274593,0,,
8.274852,0,,
8.275111,0,,
8.27537,0,,
8.275629,0,,
8.275888,0,,
8.276146,0,,
8.276405,0,,
8.276664,1,,
8.276923,0,,
8.277182,0,,
8.277441,\r,,
8.2777,\n,,
8.343003,S,,
8.343262,W,,
8.343521,D,,
8.343779,S,,
8.344038,0,,
8.344297,0,,
8.344556,0,,
8.344815,0,,
8.345074,0,,
8.345333,0,,
8.345592,8,,
8.345851,0,,
8.34611,0,,
8.346368,1,,
8.346627,0,,
8.346886,0,,
8.347145,\r,,
8.347404,\n,,
8.412705,S,,
8.412964,W,,
8.413223,D,,
8.413482,S,,
8.413741,0,,
8.414,0,,
8.414259,0,,
8.414518,0,,
8.414777,0,,
8.415035,0,,
8.415294,0,,
8.415553,0,,
8.415812,0,,
8.416071,1,,
8.41633,0,,
8.416589,0,,
8.416848,\r,,
8.417107,\n,,
8.482411,S,,
8.48267,W,,
8.482929,D,,
8.483188,S,,
8.483447,0,,
8.483706,0,,
8.483965,0,,
8.484224,0,,
8.484482,0,,
8.484741,0,,
8.485,8,,
8.485259,0,,
8.485518,0,,
8.485777,1,,
8.486036,0,,
8.486295,0,,
8.486554,\r,,
8.486813,\n,,
8.552114,S,,
8.552373,W,,
8.552632,D,,
8.552891,S,,
8.553149,0,,
8.553408,0,,
8.553667,0,,
8.553926,0,,
8.554185,0,,
8.554444,0,,
8.554703,0,,
8.554962,0,,
8.555221,0,,
8.55548,1,,
8.555738,0,,
8.555997,0,,
8.556256,\r,,
8.556515,\n,,
8.631778,S,,
8.632037,W,,
8.632296,D,,
8.632555,S,,
8.632813,0,,
8.633072,0,,
8.633331,0,,
8.63359,0,,
8.633849,0,,
8.634108,0,,
8.634367,8,,
8.634626,0,,
8.634885,0,,
8.635144,1,,
8.635402,0,,
8.635661,0,,
8.63592,\r,,
8.636179,\n,,
8.70148,S,,
8.701739,W,,
8.701998,D,,
8.702257,S,,
8.702516,0,,
8.702775,0,,
8.703034,0,,
8.703293,0,,
8.703552,0,,
8.703811,0,,
8.704069,0,,
8.704328,0,,
8.704587,0,,
8.704846,1,,
8.705105,0,,
8.705364,0,,
8.705623,\r,,
8.705882,\n,,
8.781149,S,,
8.781408,W,,
8.781667,D,,
8.781926,S,,
8.782185,0,,
8.782444,0,,
8.782702,0,,
8.782961,0,,
8.78322,0,,
8.783479,0,,
8.783738,8,,
8.783997,0,,
8.784256,0,,
8.784515,1,,
8.784774,0,,
8.785033,0,,
8.785291,\r,,
8.78555,\n,,
8.860808,S,,
8.861067,W,,
8.861326,D,,
8.861585,S,,
8.861844,0,,
8.862102,0,,
8.862361,0,,
8.86262,0,,
8.862879,0,,
8.863138,0,,
8.863397,0,,
8.863656,0,,
8.863915,0,,
8.864174,1,,
8.864433,0,,
8.864691,0,,
8.86495,\r,,
8.865209,\n,,
8.930512,S,,
8.930771,W,,
8.93103,D,,
8.931289,S,,
8.931548,0,,
8.931807,0,,
8.932066,0,,
8.932324,0,,
8.932583,0,,
8.932842,0,,
8.933101,8,,
8.93336,0,,
8.933619,0,,
8.933878,1,,
8.934137,0,,
8.934396,0,,
8.934655,\r,,
8.934914,\n,,
9.000212,S,,
9.000471,W,,
9.000729,D,,
9.000988,S,,
9.001247,0,,
9.001506,0,,
9.001765,0,,
9.002024,0,,
9.002283,0,,
9.002542,0,,
9.002801,0,,
9.00306,0,,
9.003318,0,,
9.003577,1,,
9.003836,0,,
9.004095,0,,
9.004354,\r,,
9.004613,\n,,
9.079874,S,,
9.080133,W,,
9.080392,D,,
9.080651,S,,
9.080909,0,,
9.081168,0,,
9.081427,0,,
9.081686,0,,
9.081945,0,,
9.082204,0,,
9.082463,8,,
9.082722,0,,
9.082981,0,,
9.08324,1,,
9.083498,0,,
9.083757,0,,
9.084016,\r,,
9.084275,\n,,
9.159536,S,,
9.159795,W,,
9.160054,D,,
9.160313,S,,
9.160572,0,,
9.16083,0,,
9.161089,0,,
9.161348,0,,
9.161607,0,,
9.161866,0,,
9.162125,0,,
9.162384,0,,
9.162643,0,,
9.162902,1,,
9.163161,0,,
9.16342,0,,
9.163678,\r,,
9.163937,\n,,
9.22924,S,,
9.229499,W,,
9.229758,D,,
9.230017,S,,
9.230276,0,,
9.230535,0,,
9.230794,0,,
9.231053,0,,
9.231312,0,,
9.23157,0,,
9.231829,8,,
9.232088,0,,
9.232347,0,,
9.232606,1,,
9.232865,0,,
9.233124,0,,
9.233383,\r,,
9.233642,\n,,
9.308906,S,,
9.309165,W,,
9.309424,D,,
9.309682,S,,
9.309941,0,,
9.3102,0,,
9.310459,0,,
9.310718,0,,
9.310977,0,,
9.311236,0,,
9.311495,0,,
9.311754,0,,
9.312012,0,,
9.312271,1,,
9.31253,0,,
9.312789,0,,
9.313048,\r,,
9.313307,\n,,
9.378607,S,,
9.378866,W,,
9.379124,D,,
9.379383,S,,
9.379642,0,,
9.379901,0,,
9.38016,0,,
9.380419,0,,
9.380678,0,,
9.380937,0,,
9.381196,8,,
9.381455,0,,
9.381713,0,,
9.381972,1,,
9.382231,0,,
9.38249,0,,
9.382749,\r,,
9.383008,\n,,
9.448309,S,,
9.448568,W,,
9.448827,D,,
9.449086,S,,
9.449345,0,,
9.449604,0,,
9.449863,0,,
9.450122,0,,
9.45038,0,,
9.450639,0,,
9.450898,0,,
9.451157,0,,
9.451416,0,,
9.451675,1,,
9.451934,0,,
9.452193,0,,
9.452452,\r,,
9.452711,\n,,
9.527972,S,,
9.52823,W,,
9.528489,D,,
9.528748,S,,
9.529007,0,,
9.529266,0,,
9.529525,0,,
9.529784,0,,
9.530043,0,,
9.530302,0,,
9.530561,8,,
9.530819,0,,
9.531078,0,,
9.531337,1,,
9.531596,0,,
9.531855,0,,
9.532114,\r,,
9.532373,\n,,
9.587718,S,,
9.587977,W,,
9.588236,D,,
9.588494,S,,
9.588753,0,,
9.589012,0,,
9.589271,0,,
9.58953,0,,
9.589789,0,,
9.590048,0,,
9.590307,0,,
9.590566,0,,
9.590825,0,,
9.591083,1,,
9.591342,0,,
9.591601,0,,
9.59186,\r,,
9.592119,\n,,
9.677339,S,,
9.677598,W,,
9.677857,D,,
9.678116,S,,
9.678375,0,,
9.678634,0,,
9.678893,0,,
9.679152,0,,
9.679411,0,,
9.679669,0,,
9.679928,8,,
9.680187,0,,
9.680446,0,,
9.680705,1,,
9.680964,0,,
9.681223,0,,
9.681482,\r,,
9.681741,\n,,
9.737082,S,,
9.737341,W,,
9.7376,D,,
9.737859,S,,
9.738118,0,,
9.738377,0,,
9.738636,0,,
9.738894,0,,
9.739153,0,,
9.739412,0,,
9.739671,0,,
9.73993,0,,
9.740189,0,,
9.740448,1,,
9.740707,0,,
9.740966,0,,
9.741225,\r,,
9.741483,\n,,
9.826704,S,,
9.826963,W,,
9.827222,D,,
9.827481,S,,
9.82774,0,,
9.827999,0,,
9.828257,0,,
9.828516,0,,
9.828775,0,,
9.829034,0,,
9.829293,8,,
9.829552,0,,
9.829811,0,,
9.83007,1,,
9.830329,0,,
9.830588,0,,
9.830846,\r,,
9.831105,\n,,
9.896406,S,,
9.896665,W,,
9.896924,D,,
9.897183,S,,
9.897442,0,,
9.897701,0,,
9.89796,0,,
9.898219,0,,
9.898478,0,,
9.898737,0,,
9.898995,0,,
9.899254,0,,
9.899513,0,,
9.899772,1,,
9.900031,0,,
9.90029,0,,
9.900549,\r,,
9.900808,\n,,
9.966112,S,,
9.966371,W,,
9.96663,D,,
9.966889,S,,
9.967148,0,,
9.967407,0,,
9.967666,0,,
9.967925,0,,
9.968184,0,,
9.968443,0,,
9.968701,8,,
9.96896,0,,
9.969219,0,,
9.969478,1,,
9.969737,0,,
9.969996,0,,
9.970255,\r,,
9.970514,\n,,
